banda_0,banda_1,banda_2,ruido,combinado_sr,combinado,vetor_tempo
0.0,0.0,0.0,1.9645036851008075,0.0,1.9645036851008075,0.0
0.0251300954433374,0.0753268055279327,0.3681245526846779,-0.5189559563388343,0.4685814536559481,-0.0503745026828861,0.001
0.0502443181797695,0.150225589120757,0.6845471059286886,1.4479551999825002,0.8850170132292152,2.332972213211716,0.002
0.0753268055279327,0.2242707609493811,0.9048270524660196,1.371031256727784,1.2044246189433334,2.5754558756711177,0.003
0.1003617148512149,0.2970415815770349,0.9980267284282716,2.0631808693087974,1.3954300248565217,3.458610894165319,0.004
0.1253332335643042,0.368124552684678,0.9510565162951536,-2.8916958647306767,1.4445143025441358,-1.447181562186541,0.005
0.150225589120757,0.4371157666509329,0.7705132427757893,-2.635224832067084,1.3578545985474793,-1.2773702335196044,0.006
0.175023058975276,0.5036232016357608,0.4817536741017156,-1.5747389049666918,1.1603999347127525,-0.4143389702539393,0.007
0.199709980514407,0.5672689491267565,0.1253332335643045,1.5407389405687697,0.892312163205468,2.433051103774238,0.008
0.2242707609493812,0.6276913612907006,-0.248689887164855,4.522035057184154,0.6032722350752266,5.1253072922593805,0.009
0.2486898871648548,0.6845471059286887,-0.587785252292473,-0.7578771281212815,0.3454517408010705,-0.4124253873202109,0.01
0.2729519355173251,0.7375131173581738,-0.8443279255020149,-2.4379694720291125,0.1661371273734841,-2.2718323446556283,0.011
0.2970415815770349,0.7862884321366189,-0.9822872507286888,-1.3038614110145863,0.1010427629849651,-1.2028186480296212,0.012
0.3209436098072095,0.8305958991958127,-0.9822872507286888,2.581875173297784,0.1692522582743335,2.751127431572117,0.013
0.344642923174517,0.8701837546695257,-0.8443279255020155,-3.1049299453710697,0.3704987523420271,-2.7344311930290424,0.014
0.3681245526846779,0.9048270524660196,-0.587785252292474,-0.5852844779802406,0.6851663528582235,0.0998818748779828,0.015
0.3913736668372024,0.934328942456612,-0.2486898871648553,2.400108945458848,1.0770127221289592,3.477121667587807,0.016
0.4143755809932841,0.9585217890173758,0.1253332335643041,2.33010126743037,1.4982306035749642,3.828331871005334,0.017
0.4371157666509329,0.9772681235681936,0.4817536741017156,-0.6823462814478376,1.896137564320842,1.2137912828730044,0.018
0.4595798606214878,0.9904614256966512,0.7705132427757887,0.5422235401987279,2.220554529093928,2.762778069292656,0.019
0.4817536741017153,0.9980267284282716,0.9510565162951536,3.564298852592216,2.4308369188251406,5.995135771417356,0.02
0.5036232016357608,0.999921044203816,0.9980267284282716,-0.6995457793424649,2.5015709742678487,1.802025194925384,0.021
0.5251746299612956,0.9961336091431724,0.90482705246602,0.425012120113622,2.426135291570488,2.85114741168411,0.022
0.5463943467342691,0.986685944207868,0.6845471059286897,-1.983141880410236,2.2176273968708267,0.2344855164605905,0.023
0.5672689491267565,0.971631732914674,0.368124552684678,2.187359906048396,1.9070252347261083,4.094385140774504,0.024
0.5877852522924731,0.9510565162951536,3.6739403974420594e-16,1.0138856168484311,1.5388417685876272,2.552727385436058,0.025
0.6079302976946055,0.925077206834458,-0.3681245526846772,-3.668016687558397,1.1648829518443862,-2.5031337357140107,0.026
0.6276913612907005,0.8938414241512639,-0.6845471059286878,-1.274871475324229,0.8369856795132766,-0.4378857958109523,0.027
0.6470559615694442,0.8575266561936522,-0.9048270524660188,-1.538062978066947,0.5997555652970774,-0.9383074127698696,0.028
0.6660118674342517,0.816339250717184,-0.9980267284282716,1.3675207171821355,0.4843243897231641,1.8518451069053,0.029
0.6845471059286886,0.7705132427757893,-0.9510565162951544,-3.5141113465834115,0.5040038324093234,-3.010107514174088,0.03
0.7026499697988492,0.720309024887907,-0.7705132427757897,-3.6061410467166817,0.6524457519109665,-2.953695294805715,0.031
0.7203090248879069,0.6660118674342517,-0.4817536741017163,0.9039065331652556,0.9045672182204424,1.8084737513856977,0.032
0.7375131173581739,0.6079302976946053,-0.1253332335643057,-0.9686996404294762,1.2201101814884734,0.2514105410589972,0.033
0.7542513807361038,0.5463943467342692,0.2486898871648546,1.4620360491943682,1.5493356146352275,3.011371663829596,0.034
0.7705132427757893,0.4817536741017152,0.5877852522924727,3.049233901673359,1.8400521691699767,4.889286070843337,0.035
0.7862884321366189,0.4143755809932839,0.8443279255020155,-0.1542155000114701,2.0449919386319184,1.890776438620448,0.036
0.8015669848708765,0.3446429231745174,0.9822872507286882,1.626061361695562,2.128497158774082,3.754558520469644,0.037
0.8163392507171839,0.2729519355173254,0.9822872507286888,-1.405541041666187,2.071578436963198,0.6660373952970109,0.038
0.8305958991958126,0.199709980514407,0.8443279255020162,-4.552595751894014,1.874633805212236,-2.677961946681778,0.039
0.8443279255020151,0.1253332335643041,0.5877852522924736,3.107990990499584,1.5574464113587927,4.665437401858376,0.04
0.8575266561936523,0.0502443181797696,0.2486898871648557,1.231766125427415,1.1564608615382777,2.3882269869656927,0.041
0.8701837546695257,-0.0251300954433375,-0.1253332335643029,-1.5391784994382964,0.7197204256618852,-0.8194580737764112,0.042
0.8822912264349533,-0.1003617148512151,-0.4817536741017153,-2.5440076868153367,0.3001758374820228,-2.243831849333314,0.043
0.8938414241512637,-0.1750230589752756,-0.7705132427757879,0.8760417267684152,-0.0516948775997998,0.8243468491686153,0.044
0.9048270524660196,-0.2486898871648545,-0.9510565162951524,2.308213231570658,-0.2949193509939873,2.0132938805766707,0.045
0.9152411726209176,-0.3209436098072095,-0.9980267284282718,-1.4998977397272526,-0.4037291656145637,-1.903626905341816,0.046
0.925077206834458,-0.3913736668372021,-0.90482705246602,5.630719771482821,-0.3711235124687643,5.259596259014057,0.047
0.934328942456612,-0.4595798606214877,-0.6845471059286886,1.6602177255684611,-0.2097980240935643,1.4504197014748967,0.048
0.9429905358928644,-0.5251746299612958,-0.36812455268468,0.3937806093426317,0.0496913532468886,0.4434719625895203,0.049
0.9510565162951536,-0.587785252292473,-7.34788079488412e-16,0.7609615716784789,0.3632712640026798,1.1242328356811586,0.05
0.9585217890173758,-0.6470559615694443,0.3681245526846786,5.827078478520564,0.6795903801326101,6.506668858653174,0.051
0.965381638833274,-0.7026499697988494,0.6845471059286876,-0.0863588186025691,0.947278774963112,0.860919956360543,0.052
0.971631732914674,-0.7542513807361035,0.904827052466018,0.2645553272823794,1.1222074046445885,1.386762731926968,0.053
0.9772681235681936,-0.8015669848708764,0.9980267284282714,1.623539972837123,1.1737278671255886,2.797267839962712,0.054
0.9822872507286886,-0.8443279255020149,0.951056516295154,3.030737868553915,1.0890158415218276,4.119753710075742,0.055
0.986685944207868,-0.8822912264349534,0.7705132427757911,-0.3271600465934046,0.8749079605487058,0.5477479139553012,0.056
0.9904614256966512,-0.9152411726209176,0.4817536741017166,-3.235260624209769,0.5569739271774503,-2.678286697032319,0.057
0.9936113105200084,-0.9429905358928644,0.1253332335643044,1.958827466494879,0.1759540081914485,2.1347814746863274,0.058
0.9961336091431724,-0.965381638833274,-0.2486898871648525,-1.048366867817502,-0.217937916854954,-1.266304784672456,0.059
0.9980267284282716,-0.9822872507286888,-0.5877852522924696,-2.2899646804501192,-0.5720457745928867,-2.862010455043006,0.06
0.9992894726405892,-0.9936113105200084,-0.8443279255020134,-2.9069584645442643,-0.8386497633814326,-3.745608227925697,0.061
0.999921044203816,-0.9992894726405892,-0.9822872507286884,1.8457374408914733,-0.9816556791654616,0.8640817617260123,0.062
0.999921044203816,-0.9992894726405892,-0.9822872507286894,5.521305750883036,-0.9816556791654624,4.539650071717573,0.063
0.9992894726405892,-0.9936113105200084,-0.8443279255020163,-2.964344072438121,-0.8386497633814355,-3.802993835819557,0.064
0.9980267284282716,-0.9822872507286888,-0.5877852522924739,0.1099929696919934,-0.5720457745928911,-0.4620528049008977,0.065
0.9961336091431724,-0.9653816388332738,-0.2486898871648578,-3.539267498930772,-0.217937916854959,-3.757205415785731,0.066
0.9936113105200084,-0.9429905358928644,0.1253332335643025,-0.1682966447407833,0.1759540081914465,0.0076573634506632,0.067
0.9904614256966512,-0.9152411726209176,0.481753674101715,0.6299573336444764,0.5569739271774485,1.186931260821925,0.068
0.986685944207868,-0.8822912264349531,0.7705132427757877,0.0603751602525579,0.8749079605487027,0.9352831208012606,0.069
0.9822872507286886,-0.844327925502015,0.9510565162951532,-6.296808905134515,1.089015841521827,-5.207793063612688,0.07
0.9772681235681934,-0.8015669848708761,0.9980267284282716,1.1184797640171635,1.1737278671255889,2.2922076311427526,0.071
0.971631732914674,-0.7542513807361034,0.9048270524660188,0.8185238803556721,1.1222074046445891,1.9407312850002616,0.072
0.965381638833274,-0.7026499697988496,0.6845471059286915,2.525157739291494,0.947278774963116,3.4724365142546096,0.073
0.958521789017376,-0.647055961569445,0.3681245526846836,0.6450481125415647,0.6795903801326145,1.3246384926741792,0.074
0.9510565162951536,-0.5877852522924734,4.654895798033119e-15,-0.3097224762860402,0.3632712640026849,0.0535487877166446,0.075
0.9429905358928644,-0.5251746299612962,-0.3681245526846749,0.8084287595409739,0.0496913532468934,0.8581201127878674,0.076
0.934328942456612,-0.4595798606214885,-0.6845471059286847,0.7369624728653932,-0.209798024093561,0.5271644487718321,0.077
0.925077206834458,-0.3913736668372025,-0.9048270524660178,1.543142384800197,-0.3711235124687622,1.1720188723314349,0.078
0.9152411726209176,-0.3209436098072098,-0.9980267284282714,0.2592652307567214,-0.4037291656145636,-0.1444639348578422,0.079
0.9048270524660196,-0.2486898871648545,-0.951056516295154,3.276235707917337,-0.294919350993989,2.981316356923348,0.08
0.8938414241512639,-0.175023058975276,-0.7705132427757914,-1.166924394677428,-0.0516948775998035,-1.218619272277231,0.081
0.8822912264349533,-0.100361714851215,-0.4817536741017169,-0.1345247117758922,0.3001758374820212,0.1656511257061289,0.082
0.8701837546695257,-0.025130095443337,-0.1253332335643047,-1.1839396390471597,0.7197204256618839,-0.4642192133852758,0.083
0.8575266561936522,0.0502443181797697,0.2486898871648522,-0.3181147671171203,1.156460861538274,0.8383460944211538,0.084
0.844327925502015,0.1253332335643041,0.5877852522924693,-1.4776968542217612,1.5574464113587885,0.0797495571370272,0.085
0.8305958991958127,0.1997099805144075,0.8443279255020152,-1.011582747948658,1.8746338052122355,0.8630510572635772,0.086
0.8163392507171838,0.2729519355173255,0.9822872507286884,4.079101589303072,2.0715784369631978,6.1506800262662695,0.087
0.8015669848708769,0.3446429231745163,0.9822872507286896,-2.2620135342097374,2.128497158774082,-0.1335163754356547,0.088
0.786288432136619,0.414375580993284,0.8443279255020184,-0.9631992981046684,2.044991938631921,1.081792640527253,0.089
0.7705132427757893,0.4817536741017149,0.5877852522924799,2.5917436350812952,1.8400521691699845,4.43179580425128,0.09
0.754251380736104,0.5463943467342685,0.2486898871648581,-2.624959844154372,1.5493356146352306,-1.0756242295191407,0.091
0.7375131173581739,0.6079302976946054,-0.1253332335642986,1.5254873192975174,1.2201101814884805,2.7455975007859976,0.092
0.720309024887907,0.6660118674342513,-0.4817536741017085,-3.3252348636756555,0.9045672182204498,-2.4206676454552056,0.093
0.7026499697988492,0.7203090248879065,-0.7705132427757875,-0.6191746696698578,0.6524457519109681,0.0332710822411103,0.094
0.6845471059286888,0.7705132427757893,-0.951056516295152,1.6312572607147404,0.5040038324093261,2.1352610931240665,0.095
0.6660118674342517,0.8163392507171838,-0.9980267284282716,-0.3427059784937161,0.4843243897231639,0.1416184112294478,0.096
0.6470559615694442,0.8575266561936521,-0.9048270524660204,-2.107168939134512,0.5997555652970759,-1.5074133738374362,0.097
0.6276913612907006,0.8938414241512639,-0.6845471059286918,0.4197246705344342,0.8369856795132726,1.2567103500477068,0.098
0.6079302976946053,0.925077206834458,-0.3681245526846773,-3.445694733152256,1.1648829518443862,-2.28081178130787,0.099
0.5877852522924732,0.9510565162951536,-1.469576158976824e-15,-0.4469904383184397,1.5388417685876252,1.0918513302691857,0.1
0.5672689491267564,0.971631732914674,0.3681245526846746,-2.960839692639392,1.907025234726105,-1.053814457913287,0.101
0.5463943467342692,0.986685944207868,0.6845471059286896,0.4190746302601236,2.217627396870827,2.6367020271309505,0.102
0.5251746299612956,0.9961336091431724,0.9048270524660192,-4.345362753375959,2.4261352915704872,-1.919227461805472,0.103
0.5036232016357606,0.999921044203816,0.9980267284282712,0.3484962133688052,2.501570974267848,2.850067187636653,0.104
0.4817536741017156,0.9980267284282716,0.9510565162951552,1.6221472739414162,2.4308369188251424,4.052984192766559,0.105
0.459579860621488,0.9904614256966512,0.7705132427757938,-2.511290067368673,2.220554529093933,-0.2907355382747401,0.106
0.4371157666509329,0.9772681235681936,0.4817536741017172,-3.656381432998557,1.896137564320844,-1.760243868677713,0.107
0.4143755809932843,0.958521789017376,0.1253332335643086,4.254033216342873,1.498230603574969,5.752263819917842,0.108
0.3913736668372023,0.934328942456612,-0.2486898871648484,-1.122830736714678,1.077012722128966,-0.0458180145857118,0.109
0.3681245526846781,0.90482705246602,-0.5877852522924718,0.3908150060003993,0.6851663528582264,1.0759813588586256,0.11
0.344642923174517,0.8701837546695259,-0.8443279255020131,-4.240790038872789,0.37049875234203,-3.870291286530759,0.111
0.3209436098072097,0.8305958991958126,-0.9822872507286876,-5.947003297733192,0.1692522582743346,-5.777751039458857,0.112
0.2970415815770349,0.7862884321366195,-0.9822872507286888,4.636781259860111,0.1010427629849655,4.737824022845077,0.113
0.272951935517325,0.737513117358174,-0.8443279255020167,-1.675594101696126,0.1661371273734823,-1.5094569743226436,0.114
0.2486898871648548,0.6845471059286884,-0.5877852522924774,4.164172980805855,0.3454517408010659,4.5096247216069205,0.115
0.224270760949381,0.627691361290701,-0.248689887164855,-1.003723718869829,0.603272235075227,-0.4004514837946019,0.116
0.199709980514407,0.5672689491267566,0.1253332335643018,-3.2827123205264668,0.8923121632054655,-2.390400157321001,0.117
0.1750230589752758,0.5036232016357604,0.4817536741017112,0.5978371564562397,1.1603999347127474,1.758237091168987,0.118
0.1502255891207571,0.4371157666509319,0.7705132427757895,-0.5088026852291664,1.3578545985474784,0.849051913318312,0.119
0.1253332335643045,0.368124552684678,0.9510565162951508,-1.6581639542886075,1.4445143025441334,-0.2136496517444743,0.12
0.1003617148512149,0.297041581577036,0.9980267284282718,-4.395402173723257,1.3954300248565228,-2.999972148866734,0.121
0.075326805527933,0.2242707609493816,0.904827052466022,-1.32353600125692,1.204424618943337,-0.1191113823135829,0.122
0.0502443181797696,0.1502255891207569,0.6845471059286946,3.628419718142135,0.8850170132292212,4.513436731371356,0.123
0.0251300954433378,0.0753268055279337,0.368124552684681,-1.0634757573927651,0.4685814536559525,-0.5948943037368126,0.124
1.2246467991473532e-16,3.6739403974420594e-16,5.3896838775215305e-15,-0.1543355016067576,5.879542597180472e-15,-0.1543355016067517,0.125
-0.0251300954433375,-0.0753268055279329,-0.3681245526846709,-1.1630892409455622,-0.4685814536559415,-1.6316706946015036,0.126
-0.0502443181797694,-0.1502255891207562,-0.6845471059286868,-2.566575726336689,-0.8850170132292124,-3.451592739565901,0.127
-0.0753268055279327,-0.2242707609493809,-0.9048270524660176,-2.1720428351884777,-1.2044246189433312,-3.376467454131809,0.128
-0.1003617148512147,-0.2970415815770353,-0.9980267284282712,0.054496955877738,-1.395430024856521,-1.3409330689787828,0.129
-0.1253332335643042,-0.3681245526846772,-0.9510565162951542,0.9987511788542114,-1.4445143025441358,-0.4457631236899244,0.13
-0.1502255891207568,-0.4371157666509328,-0.7705132427757918,-3.0296087663204863,-1.3578545985474817,-4.387463364867967,0.131
-0.1750230589752761,-0.5036232016357614,-0.4817536741017207,3.202350933442644,-1.1603999347127585,2.041950998729886,0.132
-0.1997099805144072,-0.567268949126756,-0.1253332335643054,2.7988710459078225,-0.8923121632054687,1.9065588827023536,0.133
-0.2242707609493812,-0.6276913612907005,0.2486898871648515,1.4487883397186552,-0.6032722350752302,0.845516104643425,0.134
-0.248689887164855,-0.6845471059286892,0.5877852522924687,1.7183450064249803,-0.3454517408010755,1.3728932656239048,0.135
-0.2729519355173252,-0.7375131173581736,0.8443279255020147,-2.0607912396998684,-0.166137127373484,-2.2269283670733526,0.136
-0.2970415815770351,-0.786288432136619,0.9822872507286882,0.2701152511304469,-0.1010427629849659,0.1690724881454809,0.137
-0.3209436098072095,-0.8305958991958131,0.9822872507286896,-1.3743796906366443,-0.1692522582743328,-1.543631948910977,0.138
-0.3446429231745172,-0.8701837546695255,0.8443279255020151,4.698054518498157,-0.3704987523420275,4.32755576615613,0.139
-0.3681245526846783,-0.9048270524660196,0.5877852522924748,-1.7581953898919511,-0.6851663528582231,-2.4433617427501746,0.14
-0.3913736668372026,-0.9343289424566124,0.2486898871648588,0.7451387727637924,-1.077012722128956,-0.3318739493651637,0.141
-0.4143755809932845,-0.9585217890173764,-0.125333233564305,-4.233527730845293,-1.4982306035749655,-5.731758334420259,0.142
-0.437115766650933,-0.9772681235681936,-0.481753674101714,-3.7540792937540166,-1.896137564320841,-5.650216858074858,0.143
-0.4595798606214881,-0.9904614256966514,-0.7705132427757915,-0.9265953598137692,-2.220554529093932,-3.1471498889077,0.144
-0.481753674101715,-0.9980267284282714,-0.9510565162951496,2.2489596743990123,-2.430836918825136,-0.1818772444261238,0.145
-0.5036232016357604,-0.999921044203816,-0.998026728428272,-1.8924097633532249,-2.5015709742678487,-4.3939807376210736,0.146
-0.5251746299612954,-0.9961336091431724,-0.9048270524660238,-4.607977465404385,-2.426135291570492,-7.034112756974877,0.147
-0.546394346734269,-0.9866859442078684,-0.6845471059286975,0.7346102667415901,-2.217627396870835,-1.483017130129245,0.148
-0.5672689491267562,-0.9716317329146742,-0.3681245526846846,-0.3371648358507061,-1.907025234726115,-2.244190070576821,0.149
-0.587785252292473,-0.9510565162951538,-9.309791596066238e-15,2.2122778010915667,-1.538841768587636,0.6734360325039306,0.15
-0.607930297694605,-0.9250772068344586,0.3681245526846673,-3.6907657238475022,-1.1648829518443964,-4.855648675691898,0.151
-0.6276913612907004,-0.8938414241512642,0.684547105928684,-1.1373535493953109,-0.8369856795132805,-1.974339228908592,0.152
-0.647055961569444,-0.8575266561936524,0.9048270524660158,-2.376298820249624,-0.5997555652970805,-2.9760543855467043,0.153
-0.6660118674342514,-0.8163392507171848,0.9980267284282708,2.4919728731240496,-0.4843243897231652,2.0076484834008843,0.154
-0.6845471059286887,-0.7705132427757897,0.9510565162951554,1.1150223383436746,-0.504003832409323,0.6110185059343516,0.155
-0.7026499697988491,-0.720309024887907,0.7705132427757944,2.471630575958641,-0.6524457519109617,1.81918482404768,0.156
-0.7203090248879069,-0.6660118674342512,0.4817536741017179,-1.4737400538195045,-0.9045672182204404,-2.3783072720399447,0.157
-0.7375131173581737,-0.6079302976946059,0.1253332335643093,-0.8975267902155343,-1.2201101814884705,-2.1176369717040044,0.158
-0.7542513807361038,-0.5463943467342691,-0.2486898871648477,-1.801298726031499,-1.5493356146352206,-3.35063434066672,0.159
-0.7705132427757894,-0.4817536741017147,-0.5877852522924712,1.4127896732995002,-1.840052169169976,-0.4272624958704751,0.16
-0.7862884321366186,-0.4143755809932846,-0.8443279255020126,0.5982807613876194,-2.044991938631916,-1.4467111772442962,0.161
-0.8015669848708764,-0.3446429231745169,-0.9822872507286874,2.6187129720776188,-2.128497158774081,0.4902158133035379,0.162
-0.8163392507171839,-0.2729519355173245,-0.9822872507286888,-2.908926279791946,-2.0715784369631973,-4.980504716755144,0.163
-0.8305958991958128,-0.1997099805144074,-0.8443279255020172,-0.4148747801599144,-1.874633805212237,-2.289508585372152,0.164
-0.8443279255020153,-0.125333233564304,-0.5877852522924779,0.6309970171812136,-1.5574464113587974,-0.9264493941775838,0.165
-0.8575266561936521,-0.0502443181797686,-0.2486898871648557,0.1337262411862598,-1.1564608615382763,-1.022734620352017,0.166
-0.8701837546695256,0.0251300954433372,0.1253332335643011,-4.961332809646449,-0.7197204256618872,-5.681053235308337,0.167
-0.8822912264349534,0.1003617148512152,0.4817536741017106,1.5876715875706195,-0.3001758374820275,1.287495750088592,0.168
-0.8938414241512639,0.175023058975277,0.770513242775789,-0.5472386829006973,0.0516948775998021,-0.4955438053008951,0.169
-0.9048270524660198,0.2486898871648546,0.9510565162951506,1.2763069444005803,0.2949193509939855,1.571226295394566,0.17
-0.9152411726209176,0.3209436098072099,0.998026728428272,0.8885034022031342,0.4037291656145643,1.2922325678176985,0.171
-0.925077206834458,0.3913736668372035,0.9048270524660194,2.0040112207138194,0.3711235124687648,2.375134733182584,0.172
-0.934328942456612,0.4595798606214878,0.6845471059286952,-1.6447115419528875,0.2097980240935709,-1.4349135178593169,0.173
-0.9429905358928646,0.5251746299612963,0.3681245526846816,-3.45646868123499,-0.0496913532468867,-3.5061600344818764,0.174
-0.9510565162951536,0.5877852522924741,-9.809554005910593e-16,-1.3354333372440066,-0.3632712640026804,-1.6987046012466869,0.175
-0.9585217890173756,0.647055961569443,-0.3681245526846702,0.4677968923230688,-0.6795903801326029,-0.211793487809534,0.176
-0.9653816388332738,0.7026499697988485,-0.6845471059286758,-3.1011208406602044,-0.9472787749631012,-4.048399615623305,0.177
-0.971631732914674,0.7542513807361035,-0.904827052466014,-1.178494828895248,-1.1222074046445845,-2.300702233539832,0.178
-0.9772681235681934,0.8015669848708756,-0.9980267284282712,-6.812761680739432,-1.1737278671255889,-7.986489547865021,0.179
-0.9822872507286888,0.8443279255020146,-0.9510565162951587,-0.2959706085254008,-1.089015841521833,-1.3849864500472338,0.18
-0.986685944207868,0.8822912264349532,-0.7705132427757968,0.5008281931742051,-0.8749079605487116,-0.3740797673745064,0.181
-0.9904614256966512,0.915241172620917,-0.4817536741017214,-0.9163450818918129,-0.5569739271774556,-1.4733190090692685,0.182
-0.9936113105200084,0.9429905358928642,-0.1253332335643203,-2.740396758893155,-0.1759540081914645,-2.91635076708462,0.183
-0.9961336091431724,0.965381638833274,0.2486898871648439,-1.1631756936143482,0.2179379168549453,-0.9452377767594028,0.184
-0.9980267284282716,0.9822872507286884,0.587785252292468,-0.0083852091138207,0.572045774592885,0.5636605654790642,0.185
-0.9992894726405892,0.9936113105200084,0.8443279255020067,1.9870648983930503,0.8386497633814259,2.8257146617744766,0.186
-0.999921044203816,0.9992894726405892,0.9822872507286868,3.50609194586431,0.9816556791654598,4.48774762502977,0.187
-0.999921044203816,0.9992894726405892,0.9822872507286896,-2.1958061442169265,0.9816556791654628,-1.2141504650514636,0.188
-0.9992894726405892,0.9936113105200084,0.8443279255020154,-0.2185087052603668,0.8386497633814347,0.6201410581210679,0.189
-0.9980267284282716,0.9822872507286886,0.5877852522924811,2.998120833001444,0.5720457745928982,3.5701666075943423,0.19
-0.9961336091431724,0.965381638833274,0.2486898871648595,-2.0752604332628093,0.2179379168549611,-1.857322516407848,0.191
-0.9936113105200084,0.9429905358928646,-0.1253332335643042,-1.015482093088518,-0.175954008191448,-1.191436101279966,0.192
-0.9904614256966512,0.9152411726209174,-0.4817536741017071,-0.0676826141681936,-0.556973927177441,-0.6246565413456346,0.193
-0.986685944207868,0.8822912264349537,-0.7705132427757865,-1.5867341859765682,-0.8749079605487008,-2.461642146525269,0.194
-0.9822872507286888,0.8443279255020152,-0.9510565162951538,2.824471606478026,-1.0890158415218272,1.7354557649561988,0.195
-0.9772681235681936,0.8015669848708763,-0.998026728428272,-0.1995456803450772,-1.1737278671255893,-1.3732735474706663,0.196
-0.971631732914674,0.7542513807361043,-0.904827052466021,-2.779731181600281,-1.122207404644591,-3.901938586244872,0.197
-0.9653816388332738,0.7026499697988493,-0.6845471059286877,3.9878697939699697,-0.9472787749631122,3.040591019006857,0.198
-0.9585217890173756,0.6470559615694439,-0.3681245526846853,4.54979738686133,-0.6795903801326171,3.870207006728713,0.199
-0.9510565162951536,0.5877852522924736,-2.939152317953648e-15,0.7390787769500801,-0.363271264002683,0.375807512947397,0.2
-0.9429905358928644,0.5251746299612957,0.3681245526846798,1.014536677830142,-0.0496913532468888,0.9648453245832532,0.201
-0.934328942456612,0.4595798606214872,0.6845471059286834,-3.495538663113105,0.2097980240935586,-3.2857406390195463,0.202
-0.925077206834458,0.3913736668372012,0.9048270524660186,1.384903311938568,0.3711235124687618,1.7560268244073298,0.203
-0.9152411726209176,0.3209436098072093,0.9980267284282718,-2.3502092207117355,0.4037291656145634,-1.946480055097172,0.204
-0.9048270524660196,0.248689887164854,0.9510565162951556,0.4833177645740676,0.29491935099399,0.7782371155680576,0.205
-0.8938414241512637,0.1750230589752746,0.7705132427757903,0.2678125577869628,0.0516948775998011,0.319507435386764,0.206
-0.8822912264349531,0.1003617148512145,0.4817536741017123,4.083129797408691,-0.3001758374820261,3.782953959926664,0.207
-0.8701837546695254,0.0251300954433365,0.1253332335643101,-0.9653221768446196,-0.7197204256618788,-1.6850426025064982,0.208
-0.8575266561936523,-0.0502443181797675,-0.2486898871648401,0.9099612132297018,-1.15646086153826,-0.2464996483085583,0.209
-0.8443279255020155,-0.1253332335643029,-0.5877852522924649,1.9750214569489075,-1.5574464113587834,0.4175750455901241,0.21
-0.8305958991958129,-0.1997099805144063,-0.8443279255020123,-1.2552799909544723,-1.874633805212232,-3.129913796166704,0.211
-0.8163392507171842,-0.2729519355173235,-0.982287250728686,-1.9933040740849808,-2.0715784369631933,-4.064882511048175,0.212
-0.8015669848708766,-0.3446429231745159,-0.9822872507286904,-1.4949565568845435,-2.128497158774083,-3.6234537156586266,0.213
-0.7862884321366188,-0.414375580993282,-0.8443279255020175,1.45802250486368,-2.0449919386319184,-0.5869694337682385,0.214
-0.7705132427757896,-0.4817536741017153,-0.5877852522924844,2.734245248522768,-1.8400521691699887,0.8941930793527781,0.215
-0.7542513807361041,-0.5463943467342682,-0.2486898871648633,4.367691874399485,-1.5493356146352355,2.8183562597642497,0.216
-0.737513117358174,-0.6079302976946036,0.1253332335643003,-2.7421805295040658,-1.2201101814884772,-3.962290710992543,0.217
-0.7203090248879068,-0.6660118674342518,0.4817536741017038,5.31388582148649,-0.9045672182204548,4.409318603266035,0.218
-0.7026499697988496,-0.7203090248879063,0.770513242775784,-5.327536045803598,-0.652445751910972,-5.9799817977145695,0.219
-0.684547105928689,-0.7705132427757879,0.9510565162951524,-2.015278328656661,-0.5040038324093243,-2.519282161065985,0.22
-0.6660118674342518,-0.8163392507171842,0.9980267284282724,0.6754620407797329,-0.4843243897231636,0.1911376510565693,0.221
-0.6470559615694443,-0.8575266561936519,0.9048270524660228,0.8615894242724844,-0.5997555652970736,0.2618338589754108,0.222
-0.6276913612907002,-0.8938414241512629,0.6845471059286905,0.7131440699899404,-0.8369856795132726,-0.1238416095233322,0.223
-0.6079302976946057,-0.9250772068344584,0.3681245526846889,2.95732035663968,-1.1648829518443748,1.7924374047953044,0.224
-0.5877852522924734,-0.9510565162951534,6.859260036498355e-15,1.4829745143799034,-1.53884176858762,-0.0558672542077165,0.225
-0.5672689491267565,-0.9716317329146736,-0.3681245526846762,-2.033418349646558,-1.907025234726106,-3.940443584372664,0.226
-0.5463943467342689,-0.986685944207868,-0.6845471059286805,-0.9450591596989422,-2.2176273968708173,-3.1626865565697595,0.227
-0.5251746299612954,-0.9961336091431724,-0.9048270524660168,1.853142057608831,-2.426135291570485,-0.5729932339616535,0.228
-0.503623201635761,-0.999921044203816,-0.9980267284282714,1.460696079361593,-2.5015709742678487,-1.0408748949062556,0.229
-0.4817536741017153,-0.9980267284282716,-0.9510565162951568,0.3559585516174506,-2.430836918825144,-2.074878367207693,0.23
-0.4595798606214877,-0.9904614256966512,-0.7705132427757928,-2.0119684192958256,-2.220554529093932,-4.232522948389757,0.231
-0.4371157666509325,-0.9772681235681938,-0.4817536741017157,2.0458614172781915,-1.896137564320842,0.1497238529573494,0.232
-0.4143755809932844,-0.9585217890173756,-0.125333233564314,-3.3600688727315315,-1.498230603574974,-4.858299476306506,0.233
-0.3913736668372025,-0.934328942456612,0.24868988716485,-0.5422177000166778,-1.0770127221289645,-1.6192304221456424,0.234
-0.3681245526846778,-0.9048270524660186,0.5877852522924732,2.994209973173692,-0.6851663528582231,2.3090436203154687,0.235
-0.3446429231745167,-0.8701837546695251,0.8443279255020102,2.423796678446432,-0.3704987523420315,2.0532979261044,0.236
-0.320943609807209,-0.8305958991958127,0.982287250728688,0.2962930654460415,-0.1692522582743336,0.1270408071717078,0.237
-0.297041581577035,-0.7862884321366175,0.9822872507286884,0.7116250261139121,-0.101042762984964,0.610582263128948,0.238
-0.2729519355173251,-0.7375131173581732,0.8443279255020196,-1.6532346729369003,-0.1661371273734787,-1.8193718003103792,0.239
-0.2486898871648553,-0.6845471059286886,0.5877852522924875,-0.1853051762926735,-0.3454517408010565,-0.5307569170937301,0.24
-0.2242707609493815,-0.6276913612907014,0.2486898871648671,2.9813280194097174,-0.6032722350752158,2.3780557843345016,0.241
-0.1997099805144072,-0.5672689491267584,-0.1253332335642965,-2.5472673314164904,-0.892312163205462,-3.4395794946219524,0.242
-0.175023058975276,-0.5036232016357607,-0.4817536741017003,-0.1499445078878408,-1.160399934712737,-1.3103444426005777,0.243
-0.1502255891207576,-0.4371157666509338,-0.7705132427757815,0.5385987775581011,-1.357854598547473,-0.8192558209893719,0.244
-0.1253332335643046,-0.36812455268468,-0.9510565162951512,-2.8066777219806536,-1.4445143025441358,-4.251192024524789,0.245
-0.100361714851215,-0.2970415815770346,-0.9980267284282726,-0.691640800558591,-1.3954300248565223,-2.0870708254151134,0.246
-0.0753268055279327,-0.224270760949382,-0.9048270524660244,-1.0473830165318472,-1.2044246189433392,-2.2518076354751866,0.247
-0.0502443181797702,-0.150225589120759,-0.6845471059286934,1.3963933667787436,-0.8850170132292227,0.5113763535495209,0.248
-0.0251300954433379,-0.0753268055279323,-0.3681245526846926,0.8772973442256553,-0.4685814536559628,0.4087158905696925,0.249
-2.4492935982947064e-16,-7.34788079488412e-16,-1.0779367755043061e-14,-1.739814629053755,-1.1759085194360944e-14,-1.7398146290537668,0.25
0.0251300954433374,0.0753268055279308,0.3681245526846725,0.4141384824026778,0.4685814536559408,0.8827199360586186,0.251
0.0502443181797697,0.1502255891207576,0.6845471059286777,-1.876910219286875,0.885017013229205,-0.99189320605767,0.252
0.0753268055279322,0.2242707609493806,0.9048270524660152,-0.95649518501274,1.204424618943328,0.2479294339305879,0.253
0.1003617148512146,0.2970415815770332,0.9980267284282712,5.051215063817359,1.395430024856519,6.446645088673878,0.254
0.1253332335643041,0.3681245526846786,0.951056516295158,1.707777209120368,1.4445143025441407,3.152291511664509,0.255
0.1502255891207572,0.4371157666509325,0.7705132427757952,2.304444188740949,1.357854598547485,3.662298787288434,0.256
0.1750230589752755,0.5036232016357595,0.4817536741017192,0.5645063648760745,1.1603999347127545,1.724906299588829,0.257
0.1997099805144067,0.5672689491267572,0.1253332335643179,-3.159024696346315,0.8923121632054818,-2.266712533140833,0.258
0.2242707609493811,0.6276913612907002,-0.2486898871648462,2.8839077966004805,0.603272235075235,3.487180031675716,0.259
0.2486898871648548,0.6845471059286876,-0.58778525229247,2.718186863482812,0.3454517408010724,3.0636386042838843,0.26
0.2729519355173255,0.7375131173581745,-0.8443279255020081,5.429341636138626,0.1661371273734918,5.595478763512118,0.261
0.2970415815770346,0.7862884321366188,-0.9822872507286872,1.091416224792027,0.1010427629849662,1.192458987776993,0.262
0.3209436098072094,0.8305958991958119,-0.9822872507286892,-0.7084894367876914,0.1692522582743318,-0.5392371785133595,0.263
0.3446429231745171,0.8701837546695262,-0.8443279255020217,-2.614073071516686,0.3704987523420215,-2.2435743191746647,0.264
0.3681245526846782,0.9048270524660196,-0.5877852522924791,-0.978851239341014,0.6851663528582186,-0.2936848864827954,0.265
0.3913736668372028,0.9343289424566116,-0.2486898871648572,1.8021159938472764,1.0770127221289572,2.879128715976233,0.266
0.414375580993284,0.9585217890173764,0.1253332335642926,0.1861562924284526,1.498230603574953,1.6843868960034056,0.267
0.4371157666509329,0.9772681235681936,0.4817536741017093,1.5046062505381703,1.896137564320836,3.4007438148590063,0.268
0.4595798606214881,0.9904614256966512,0.770513242775788,-1.5579493767779744,2.220554529093928,0.6626051523159529,0.269
0.4817536741017156,0.9980267284282716,0.9510565162951502,0.4833425467051359,2.430836918825137,2.9141794655302733,0.27
0.5036232016357607,0.999921044203816,0.998026728428272,-1.3778533504775134,2.5015709742678487,1.1237176237903352,0.271
0.5251746299612957,0.9961336091431724,0.90482705246602,0.7795058339344805,2.426135291570488,3.2056411255049686,0.272
0.5463943467342692,0.9866859442078678,0.6845471059286963,-1.6363976424414306,2.2176273968708333,0.5812297544294027,0.273
0.5672689491267568,0.971631732914674,0.368124552684683,-3.5108315557814445,1.9070252347261136,-1.6038063210553306,0.274
0.5877852522924736,0.951056516295154,4.886207583857646e-16,2.679098475822028,1.538841768587628,4.217940244409656,0.275
0.6079302976946054,0.9250772068344576,-0.3681245526846689,0.4933493258187904,1.164882951844394,1.6582322776631844,0.276
0.6276913612907006,0.8938414241512636,-0.6845471059286852,3.625657976022361,0.8369856795132788,4.46264365553564,0.277
0.6470559615694446,0.8575266561936526,-0.9048270524660196,0.9321494625708556,0.5997555652970776,1.5319050278679334,0.278
0.666011867434252,0.8163392507171829,-0.998026728428271,1.7537218132791252,0.4843243897231638,2.238046203002289,0.279
0.6845471059286893,0.7705132427757888,-0.9510565162951548,0.7239655774493581,0.5040038324093233,1.2279694098586815,0.28
0.7026499697988493,0.7203090248879048,-0.7705132427757887,-1.845939267169435,0.6524457519109655,-1.1934935152584694,0.281
0.7203090248879072,0.6660118674342502,-0.4817536741017226,-0.9855627843869764,0.9045672182204348,-0.0809955661665414,0.282
0.7375131173581743,0.6079302976946048,-0.1253332335643076,-0.7290351037582276,1.2201101814884716,0.491075077730244,0.283
0.7542513807361043,0.5463943467342665,0.2486898871648562,-0.63223220965192,1.549335614635227,0.9171034049833072,0.284
0.7705132427757893,0.4817536741017135,0.5877852522924784,-0.9873140116373326,1.8400521691699807,0.8527381575326486,0.285
0.786288432136619,0.4143755809932833,0.8443279255020136,-5.452979530927353,2.044991938631916,-3.407987592295437,0.286
0.8015669848708769,0.344642923174514,0.982287250728689,1.3719002841412582,2.12849715877408,3.500397442915338,0.287
0.8163392507171844,0.2729519355173231,0.9822872507286874,3.2837597560752,2.071578436963195,5.355338193038396,0.288
0.8305958991958121,0.1997099805144095,0.8443279255020238,3.889104447499312,1.874633805212245,5.763738252711557,0.289
0.8443279255020147,0.1253332335643079,0.5877852522924938,1.17750099673427,1.5574464113588165,2.7349474080930865,0.29
0.8575266561936521,0.0502443181797708,0.2486898871648747,-4.559071155135881,1.1564608615382976,-3.402610293597584,0.291
0.8701837546695251,-0.025130095443335,-0.1253332335642887,-4.080038151833774,0.7197204256619013,-3.3603177261718726,0.292
0.8822912264349528,-0.1003617148512113,-0.4817536741016934,-2.4529168398815275,0.300175837482048,-2.1527410023994795,0.293
0.8938414241512634,-0.1750230589752749,-0.7705132427757765,-3.6472227472873686,-0.0516948775997879,-3.698917624887157,0.294
0.9048270524660194,-0.2486898871648525,-0.951056516295149,-0.8873179878783531,-0.2949193509939822,-1.1822373388723353,0.295
0.9152411726209174,-0.3209436098072062,-0.9980267284282732,0.3889304826645222,-0.4037291656145619,-0.0147986829500397,0.296
0.9250772068344576,-0.3913736668372015,-0.9048270524660278,-0.0337560516560412,-0.3711235124687715,-0.4048795641248127,0.297
0.9343289424566118,-0.4595798606214859,-0.6845471059286992,6.122471127569121,-0.2097980240935733,5.912673103475547,0.298
0.9429905358928644,-0.5251746299612929,-0.3681245526846999,-1.644357322542105,0.0496913532468714,-1.594665969295234,0.299
0.9510565162951536,-0.5877852522924725,-1.8619583192132475e-14,3.033711320361526,0.3632712640026624,3.3969825843641885,0.3
0.9585217890173756,-0.6470559615694428,0.3681245526846652,-5.308866523052295,0.6795903801325981,-4.6292761429196965,0.301
0.9653816388332735,-0.702649969798847,0.684547105928672,-0.9536433844020548,0.9472787749630986,-0.0063646094389562,0.302
0.9716317329146738,-0.7542513807361033,0.904827052466012,-0.4386760124845996,1.1222074046445822,0.6835313921599826,0.303
0.9772681235681934,-0.8015669848708754,0.9980267284282708,-3.043393823572218,1.1737278671255886,-1.8696659564466287,0.304
0.9822872507286886,-0.8443279255020134,0.9510565162951604,-2.8237752924907253,1.0890158415218356,-1.7347594509688895,0.305
0.986685944207868,-0.882291226434953,0.7705132427758002,5.450961541615069,0.8749079605487152,6.325869502163784,0.306
0.9904614256966512,-0.9152411726209168,0.4817536741017261,2.854402081559468,0.5569739271774604,3.4113760087369283,0.307
0.9936113105200084,-0.9429905358928636,0.1253332335643256,2.8180123298269537,0.1759540081914705,2.9939663380184243,0.308
0.9961336091431724,-0.9653816388332738,-0.2486898871648387,1.0793068992524564,-0.2179379168549399,0.8613689823975164,0.309
0.9980267284282716,-0.9822872507286884,-0.5877852522924637,0.873123134204481,-0.5720457745928805,0.3010773596116004,0.31
0.9992894726405892,-0.993611310520008,-0.8443279255020039,3.336896677972108,-0.8386497633814227,2.4982469145906854,0.311
0.999921044203816,-0.9992894726405892,-0.9822872507286856,3.075000106958986,-0.9816556791654588,2.093344427793527,0.312
0.999921044203816,-0.9992894726405892,-0.9822872507286908,0.9296862446594564,-0.981655679165464,-0.0519694345060074,0.313
0.9992894726405892,-0.9936113105200084,-0.8443279255020183,0.713782613905391,-0.8386497633814374,-0.1248671494760463,0.314
0.9980267284282716,-0.9822872507286888,-0.5877852522924855,-2.5928852096214987,-0.5720457745929026,-3.1649309842144016,0.315
0.9961336091431724,-0.9653816388332742,-0.2486898871648648,-2.498664601206733,-0.2179379168549665,-2.7166025180617,0.316
0.9936113105200084,-0.942990535892864,0.1253332335642989,1.65850958689417,0.1759540081914432,1.8344635950856127,0.317
0.9904614256966512,-0.9152411726209176,0.4817536741017024,2.033602038296697,0.556973927177436,2.5905759654741334,0.318
0.986685944207868,-0.8822912264349538,0.770513242775783,-2.477116409574446,0.8749079605486972,-1.6022084490257489,0.319
0.9822872507286886,-0.8443279255020144,0.951056516295152,0.1526958604007893,1.0890158415218265,1.2417117019226156,0.32
0.9772681235681934,-0.8015669848708765,0.9980267284282724,0.2853280139465265,1.1737278671255893,1.459055881072116,0.321
0.9716317329146742,-0.7542513807361045,0.9048270524660234,-1.5863659981154423,1.122207404644593,-0.4641585934708494,0.322
0.965381638833274,-0.7026499697988483,0.6845471059286916,-1.617212713711587,0.9472787749631174,-0.6699339387484696,0.323
0.958521789017376,-0.6470559615694442,0.3681245526846903,0.8517013048948692,0.6795903801326222,1.5312916850274914,0.324
0.9510565162951536,-0.5877852522924739,8.328836195475178e-15,-4.0334800094777545,0.363271264002688,-3.670208745475066,0.325
0.9429905358928644,-0.5251746299612945,-0.3681245526846748,4.997847964383904,0.0496913532468952,5.047539317630799,0.326
0.934328942456612,-0.4595798606214876,-0.6845471059286795,-3.443060547093145,-0.209798024093555,-3.6528585711867,0.327
0.925077206834458,-0.3913736668372031,-0.9048270524660162,3.952450061673955,-0.3711235124687615,3.5813265492051936,0.328
0.9152411726209172,-0.320943609807208,-0.9980267284282712,1.1416975160565526,-0.403729165614562,0.7379683504419905,0.329
0.9048270524660192,-0.2486898871648543,-0.9510565162951572,0.404641363237141,-0.2949193509939923,0.1097220122431487,0.33
0.8938414241512633,-0.1750230589752767,-0.7705132427757937,-1.862568282606125,-0.051694877599807,-1.914263160205932,0.331
0.8822912264349536,-0.1003617148512131,-0.481753674101717,2.012242085187012,0.3001758374820234,2.312417922669036,0.332
0.8701837546695259,-0.0251300954433368,-0.1253332335643154,-0.8298130614555594,0.7197204256618736,-0.1100926357936858,0.333
0.8575266561936523,0.050244318179769,0.2486898871648486,1.3479775220156676,1.15646086153827,2.504438383553937,0.334
0.8443279255020151,0.1253332335643061,0.587785252292472,3.670387685963047,1.5574464113587931,5.22783409732184,0.335
0.8305958991958126,0.1997099805144077,0.8443279255020094,-1.100436164849404,1.8746338052122296,0.7741976403628255,0.336
0.8163392507171837,0.2729519355173248,0.9822872507286876,-0.3316338092627303,2.071578436963196,1.7399446277004658,0.337
0.8015669848708762,0.3446429231745189,0.9822872507286888,1.854919250983156,2.128497158774084,3.98341640975724,0.338
0.7862884321366184,0.4143755809932849,0.8443279255020204,-4.243960545422896,2.044991938631924,-2.198968606790972,0.339
0.7705132427757886,0.481753674101715,0.5877852522924887,4.155978791232484,1.8400521691699925,5.996030960402477,0.34
0.7542513807361041,0.5463943467342709,0.2486898871648548,-1.7298253268747277,1.5493356146352295,-0.1804897122394977,0.341
0.737513117358174,0.6079302976946062,-0.125333233564295,1.9354456604326808,1.2201101814884852,3.1555558419211662,0.342
0.7203090248879069,0.6660118674342516,-0.481753674101699,-4.72414285941822,0.9045672182204594,-3.81957564119776,0.343
0.7026499697988491,0.7203090248879085,-0.7705132427757896,2.2254673273659806,0.652445751910968,2.8779130792769485,0.344
0.6845471059286884,0.7705132427757899,-0.9510565162951508,1.4387975263332395,0.5040038324093273,1.942801358742567,0.345
0.6660118674342512,0.8163392507171839,-0.9980267284282728,5.112001464325258,0.4843243897231626,5.59632585404842,0.346
0.6470559615694437,0.8575266561936535,-0.904827052466019,-1.1802492059706824,0.5997555652970782,-0.5804936406736042,0.347
0.6276913612906997,0.8938414241512643,-0.6845471059286945,-2.396762918869685,0.8369856795132695,-1.5597772393564155,0.348
0.6079302976946044,0.925077206834458,-0.3681245526846675,-2.343685870921901,1.164882951844395,-1.178802919077506,0.349
0.5877852522924734,0.9510565162951544,1.9619108011821185e-15,3.5783017822790883,1.5388417685876297,5.117143550866718,0.35
0.5672689491267566,0.9716317329146744,0.3681245526846712,-0.6931541285340292,1.907025234726102,1.2138711061920728,0.351
0.5463943467342705,0.9866859442078676,0.6845471059286766,-0.8336613969032245,2.2176273968708147,1.3839659999675902,0.352
0.5251746299612969,0.9961336091431724,0.9048270524660086,1.3833441125006187,2.426135291570478,3.8094794040710966,0.353
0.5036232016357619,0.999921044203816,0.9980267284282692,-1.5321920101754427,2.501570974267848,0.9693789640924046,0.354
0.4817536741017162,0.9980267284282718,0.9510565162951584,-1.318632409977951,2.4308369188251464,1.1122045088471957,0.355
0.4595798606214886,0.9904614256966512,0.7705132427758052,-0.671819214455225,2.220554529093945,1.5487353146387206,0.356
0.4371157666509335,0.9772681235681938,0.4817536741017454,0.0828963268642356,1.8961375643208729,1.979033891185108,0.357
0.4143755809932845,0.9585217890173768,0.1253332335643193,2.789545566297547,1.4982306035749806,4.287776169872528,0.358
0.3913736668372026,0.9343289424566122,-0.2486898871648311,5.235844002474566,1.0770127221289838,6.31285672460355,0.359
0.368124552684678,0.9048270524660202,-0.5877852522924458,-3.38764719990491,0.6851663528582523,-2.7024808470466573,0.36
0.3446429231745168,0.8701837546695271,-0.8443279255020073,-4.369773721898792,0.3704987523420366,-3.999274969556755,0.361
0.3209436098072107,0.8305958991958129,-0.9822872507286842,-0.4113929258926362,0.1692522582743394,-0.2421406676182967,0.362
0.297041581577036,0.7862884321366199,-0.9822872507286948,-5.370975878112441,0.101042762984961,-5.26993311512748,0.363
0.2729519355173261,0.7375131173581758,-0.8443279255020225,1.4247245424405028,0.1661371273734794,1.5908616698139824,0.364
0.2486898871648555,0.684547105928689,-0.5877852522924918,-1.264107455400172,0.3454517408010527,-0.9186557145991194,0.365
0.2242707609493816,0.6276913612907017,-0.2486898871648861,0.329057852608867,0.6032722350751972,0.9323300876840642,0.366
0.1997099805144073,0.5672689491267586,0.1253332335642911,-4.2397588998066285,0.8923121632054571,-3.347446736601172,0.367
0.1750230589752761,0.503623201635761,0.4817536741016956,1.8794859454266573,1.1603999347127327,3.0398858801393898,0.368
0.1502255891207569,0.4371157666509341,0.770513242775769,6.329685058593681,1.3578545985474602,7.687539657141141,0.369
0.1253332335643039,0.3681245526846803,0.9510565162951496,2.9598572025008862,1.4445143025441338,4.40437150504502,0.37
0.1003617148512161,0.297041581577035,0.9980267284282728,-0.5961416981274382,1.395430024856524,0.7992883267290859,0.371
0.0753268055279337,0.2242707609493824,0.9048270524660328,-0.0146233783292123,1.204424618943349,1.1898012406141365,0.372
0.0502443181797703,0.1502255891207594,0.6845471059286974,-2.0358351395853407,0.8850170132292271,-1.1508181263561137,0.373
0.025130095443338,0.0753268055279326,0.3681245526846976,-3.256183191399783,0.4685814536559683,-2.787601737743815,0.374
3.6739403974420594e-16,1.102182119232618e-15,3.0379906347766594e-14,0.9259990293287936,3.1849482506743416e-14,0.9259990293288256,0.375
-0.0251300954433373,-0.0753268055279304,-0.3681245526846675,2.1644672785324257,-0.4685814536559353,1.6958858248764903,0.376
-0.0502443181797696,-0.1502255891207572,-0.6845471059286737,-2.997831091221301,-0.8850170132292006,-3.8828481044505017,0.377
-0.0753268055279329,-0.2242707609493802,-0.904827052466019,-0.0255535272728428,-1.2044246189433323,-1.2299781462161752,0.378
-0.1003617148512153,-0.2970415815770329,-0.9980267284282708,-1.704895881317939,-1.3954300248565192,-3.100325906174458,0.379
-0.1253332335643031,-0.3681245526846782,-0.9510565162951596,-0.7763959542475813,-1.4445143025441411,-2.2209102567917225,0.38
-0.1502255891207562,-0.4371157666509321,-0.7705132427757896,-0.2749341869175777,-1.357854598547478,-1.6327887854650556,0.381
-0.1750230589752754,-0.5036232016357591,-0.4817536741017239,-1.683054658509628,-1.1603999347127585,-2.8434545932223863,0.382
-0.1997099805144065,-0.5672689491267568,-0.1253332335643232,-3.409764507320613,-0.8923121632054867,-4.3020766705261,0.383
-0.2242707609493809,-0.6276913612906999,0.2486898871648548,3.381609853013361,-0.603272235075226,2.778337617938135,0.384
-0.2486898871648547,-0.6845471059286873,0.5877852522924657,3.763606499935887,-0.3454517408010763,3.4181547591348105,0.385
-0.2729519355173254,-0.7375131173581743,0.8443279255020052,-3.4742679637285336,-0.1661371273734945,-3.640405091102028,0.386
-0.2970415815770353,-0.7862884321366186,0.9822872507286888,-1.179346223999712,-0.101042762984965,-1.280388986984677,0.387
-0.3209436098072101,-0.8305958991958117,0.9822872507286904,2.3564931407513097,-0.1692522582743315,2.1872408824769782,0.388
-0.3446429231745161,-0.870183754669526,0.8443279255020246,-4.614637971907323,-0.3704987523420175,-4.98513672424934,0.389
-0.3681245526846772,-0.9048270524660194,0.587785252292472,1.911137572280994,-0.6851663528582246,1.2259712194227694,0.39
-0.3913736668372019,-0.9343289424566116,0.2486898871648624,2.4744742150762,-1.077012722128951,1.3974614929472484,0.391
-0.4143755809932838,-0.9585217890173762,-0.1253332335642872,-4.617898314462551,-1.498230603574947,-6.116128918037498,0.392
-0.4371157666509328,-0.9772681235681934,-0.481753674101717,4.960334270356734,-1.8961375643208431,3.064196706035891,0.393
-0.459579860621488,-0.990461425696651,-0.7705132427757846,-0.7730216879850684,-2.220554529093924,-2.993576217078992,0.394
-0.4817536741017155,-0.9980267284282716,-0.9510565162951484,-0.1280387598971995,-2.430836918825136,-2.5588756787223352,0.395
-0.5036232016357614,-0.999921044203816,-0.9980267284282712,-1.3064094711622491,-2.5015709742678487,-3.807980445430098,0.396
-0.5251746299612964,-0.9961336091431726,-0.9048270524660224,-0.4097997647014836,-2.4261352915704912,-2.8359350562719747,0.397
-0.5463943467342699,-0.986685944207868,-0.6845471059287002,-3.6819225568591136,-2.217627396870838,-5.899549953729952,0.398
-0.567268949126756,-0.971631732914674,-0.3681245526846748,-0.4174866331055669,-1.9070252347261047,-2.324511867831672,0.399
-0.5877852522924728,-0.951056516295154,-5.878304635907295e-15,-0.0688558149012451,-1.5388417685876326,-1.6076975834888776,0.4
-0.6079302976946053,-0.9250772068344576,0.3681245526846639,-0.1538410503151999,-1.164882951844399,-1.318724002159599,0.401
-0.6276913612907005,-0.8938414241512638,0.6845471059286916,1.396605720466861,-0.8369856795132726,0.5596200409535883,0.402
-0.6470559615694444,-0.8575266561936528,0.9048270524660174,0.8656923383195265,-0.5997555652970799,0.2659367730224466,0.403
-0.666011867434252,-0.8163392507171832,0.9980267284282708,1.9859460085923653,-0.4843243897231646,1.5016216188692006,0.404
-0.6845471059286892,-0.770513242775789,0.951056516295152,5.168282778499958,-0.5040038324093261,4.664278946090632,0.405
-0.7026499697988499,-0.720309024887905,0.7705132427757921,-2.069994025445297,-0.6524457519109628,-2.72243977735626,0.406
-0.7203090248879076,-0.6660118674342504,0.4817536741017273,2.3532048166982387,-0.9045672182204304,1.4486375984778082,0.407
-0.7375131173581736,-0.607930297694605,0.1253332335642989,-1.446300696959829,-1.2201101814884798,-2.6664108784483087,0.408
-0.7542513807361036,-0.5463943467342668,-0.248689887164851,-0.4442410963296789,-1.5493356146352215,-1.9935767109649003,0.409
-0.7705132427757893,-0.4817536741017138,-0.5877852522924625,3.243388214432929,-1.8400521691699656,1.4033360452629635,0.41
-0.786288432136619,-0.4143755809932837,-0.8443279255020183,5.333691911248879,-2.044991938631921,3.288699972616958,0.411
-0.8015669848708767,-0.3446429231745143,-0.982287250728688,1.3572894245514573,-2.128497158774079,-0.7712077342226218,0.412
-0.8163392507171843,-0.2729519355173235,-0.982287250728691,3.0842365591616216,-2.0715784369631987,1.012658122198423,0.413
-0.8305958991958131,-0.1997099805144064,-0.8443279255020115,3.3271465751045355,-1.874633805212231,1.4525127698923044,0.414
-0.8443279255020156,-0.1253332335643012,-0.5877852522924751,5.63578144869291,-1.557446411358792,4.078335037334118,0.415
-0.8575266561936529,-0.0502443181797676,-0.2486898871648662,0.5959455228811416,-1.1564608615382868,-0.5605153386571452,0.416
-0.8701837546695255,0.0251300954433346,0.1253332335642833,-1.2380643944112606,-0.7197204256619074,-1.957784820073168,0.417
-0.8822912264349532,0.1003617148512109,0.4817536741016887,1.837432308371792,-0.3001758374820534,1.5372564708897385,0.418
-0.893841424151263,0.1750230589752745,0.7705132427757821,-1.7561150507274088,0.0516948775997937,-1.7044201731276152,0.419
-0.9048270524660188,0.2486898871648522,0.9510565162951472,-3.6660582403741504,0.2949193509939806,-3.3711388893801697,0.42
-0.9152411726209172,0.3209436098072059,0.9980267284282734,-4.476282741289278,0.4037291656145622,-4.072553575674716,0.421
-0.9250772068344576,0.3913736668372011,0.904827052466024,1.7185333664306968,0.3711235124687675,2.089656878899464,0.422
-0.9343289424566118,0.4595798606214856,0.684547105928703,2.809862165720993,0.2097980240935768,3.0196601898145703,0.423
-0.9429905358928644,0.5251746299612926,0.3681245526847049,1.5685304373932123,-0.0496913532468668,1.5188390841463455,0.424
-0.9510565162951534,0.5877852522924693,9.798412354452e-15,-0.0909841919472145,-0.3632712640026743,-0.4542554559498889,0.425
-0.9585217890173758,0.6470559615694425,-0.3681245526846602,1.5664349771989845,-0.6795903801325937,0.8868445970663908,0.426
-0.965381638833274,0.7026499697988492,-0.6845471059286681,2.2050896251491925,-0.9472787749630928,1.2578108501860998,0.427
-0.971631732914674,0.7542513807361008,-0.9048270524660156,-0.3162254833936113,-1.122207404644589,-1.4384328880382002,0.428
-0.9772681235681931,0.8015669848708752,-0.9980267284282704,3.675398244376791,-1.1737278671255884,2.5016703772512026,0.429
-0.9822872507286884,0.8443279255020152,-0.951056516295162,0.6071161226873019,-1.0890158415218354,-0.4818997188345335,0.43
-0.986685944207868,0.8822912264349512,-0.7705132427757946,2.583725614212571,-0.8749079605487113,1.7088176536638595,0.431
-0.9904614256966512,0.9152411726209168,-0.4817536741017308,-1.667491846713756,-0.5569739271774652,-2.224465773891221,0.432
-0.9936113105200084,0.9429905358928644,-0.125333233564331,-5.317487657179956,-0.1759540081914749,-5.493441665371431,0.433
-0.9961336091431724,0.9653816388332728,0.2486898871648472,-1.0023740671962866,0.2179379168549476,-0.7844361503413391,0.434
-0.9980267284282716,0.9822872507286884,0.5877852522924594,-1.7861154265498795,0.5720457745928761,-1.2140696519570031,0.435
-0.9992894726405892,0.9936113105200084,0.844327925502001,-0.0398955391041929,0.8386497633814203,0.7987542242772273,0.436
-0.999921044203816,0.9992894726405892,0.9822872507286874,5.830072802204444,0.9816556791654604,6.811728481369904,0.437
-0.999921044203816,0.9992894726405892,0.9822872507286916,2.339877364906032,0.9816556791654648,3.3215330440714963,0.438
-0.9992894726405892,0.9936113105200084,0.8443279255020288,-2.250659548211296,0.8386497633814479,-1.412009784829848,0.439
-0.9980267284282716,0.9822872507286896,0.5877852522924784,-2.4466319152075844,0.5720457745928963,-1.874586140614688,0.44
-0.9961336091431724,0.9653816388332744,0.24868988716487,1.4047913875618283,0.2179379168549718,1.6227293044168,0.441
-0.9936113105200084,0.9429905358928642,-0.1253332335642794,-7.407923009958308,-0.1759540081914236,-7.583877018149732,0.442
-0.9904614256966512,0.9152411726209192,-0.4817536741017102,-4.506874518633471,-0.5569739271774422,-5.063848445810914,0.443
-0.986685944207868,0.8822912264349541,-0.7705132427757796,-0.0347563389876021,-0.8749079605486936,-0.9096642995362956,0.444
-0.9822872507286886,0.8443279255020146,-0.951056516295146,-1.7484810234486912,-1.08901584152182,-2.837496864970511,0.445
-0.9772681235681934,0.8015669848708789,-0.998026728428272,-1.1107353837385396,-1.1737278671255864,-2.284463250864126,0.446
-0.9716317329146742,0.7542513807361048,-0.9048270524660256,-0.8384183802418309,-1.1222074046445951,-1.960625784886426,0.447
-0.965381638833274,0.7026499697988485,-0.6845471059287059,1.850789900858958,-0.9472787749631316,0.9035111258958266,0.448
-0.958521789017376,0.6470559615694471,-0.3681245526846821,-6.72376305939614,-0.6795903801326111,-7.40335343952875,0.449
-0.9510565162951538,0.5877852522924742,-1.3718520072996712e-14,2.431312736942342,-0.3632712640026932,2.068041472939649,0.45
-0.9429905358928644,0.5251746299612948,0.3681245526846566,1.864025222315252,-0.049691353246913,1.814333869068339,0.451
-0.934328942456612,0.459579860621491,0.684547105928686,-0.0438001715740924,0.2097980240935649,0.1659978525194725,0.452
-0.925077206834458,0.3913736668372035,0.904827052466014,-1.5108329982394066,0.3711235124687596,-1.1397094857706471,0.453
-0.9152411726209174,0.3209436098072083,0.99802672842827,-2.139130146367816,0.403729165614561,-1.7354009807532549,0.454
-0.9048270524660192,0.2486898871648581,0.9510565162951544,-1.1611790776213071,0.2949193509939934,-0.8662597266273139,0.455
-0.8938414241512634,0.1750230589752771,0.7705132427757971,0.5079808311523524,0.0516948775998108,0.5596757087521632,0.456
-0.8822912264349536,0.1003617148512135,0.4817536741017342,2.5157174236494617,-0.3001758374820059,2.215541586167456,0.457
-0.8701837546695259,0.0251300954433408,0.1253332335643067,-1.3161191673596309,-0.7197204256618784,-2.0358395930215094,0.458
-0.8575266561936524,-0.0502443181797686,-0.2486898871648434,-0.7890144946249279,-1.1564608615382646,-1.9454753561631923,0.459
-0.8443279255020151,-0.1253332335643057,-0.5877852522924562,-0.5270342687982231,-1.557446411358777,-2.084480680157,0.46
-0.8305958991958126,-0.1997099805144039,-0.8443279255020141,-1.6634770869056636,-1.8746338052122304,-3.538110892117894,0.461
-0.8163392507171837,-0.2729519355173245,-0.9822872507286866,0.2987301335012063,-2.071578436963195,-1.7728483034619886,0.462
-0.8015669848708763,-0.3446429231745185,-0.9822872507286924,-1.287089116489789,-2.1284971587740875,-3.415586275263877,0.463
-0.7862884321366185,-0.4143755809932813,-0.8443279255020157,0.7252928466938455,-2.044991938631916,-1.3196990919380702,0.464
-0.7705132427757886,-0.4817536741017147,-0.5877852522924816,-1.3371680976689018,-1.840052169169985,-3.1772202668388867,0.465
-0.7542513807361042,-0.5463943467342706,-0.2486898871648738,5.43239989104155,-1.5493356146352486,3.8830642764063015,0.466
-0.7375131173581742,-0.607930297694603,0.1253332335643038,-4.179797531779454,-1.2201101814884734,-5.399907713267927,0.467
-0.720309024887907,-0.6660118674342512,0.4817536741017068,0.122004900517447,-0.9045672182204516,-0.7825623177030046,0.468
-0.7026499697988492,-0.7203090248879082,0.7705132427757772,1.842877460572583,-0.6524457519109802,1.190431708661603,0.469
-0.6845471059286885,-0.770513242775792,0.9510565162951536,-0.6423929426870671,-0.5040038324093268,-1.146396775096394,0.47
-0.6660118674342512,-0.8163392507171837,0.998026728428272,2.672798817815515,-0.4843243897231627,2.1884744280923525,0.471
-0.6470559615694438,-0.8575266561936533,0.9048270524660272,2.6618442235253776,-0.5997555652970699,2.062088658228308,0.472
-0.6276913612906998,-0.8938414241512658,0.6845471059286881,1.6707294297931874,-0.8369856795132775,0.8337437502799099,0.473
-0.6079302976946045,-0.925077206834458,0.3681245526846857,-0.1074853956413047,-1.1648829518443768,-1.2723683474856815,0.474
-0.5877852522924735,-0.9510565162951542,1.7638627791541416e-14,0.9257165133994868,-1.53884176858761,-0.6131252551881232,0.475
-0.5672689491267567,-0.971631732914675,-0.3681245526846793,4.288216370252353,-1.907025234726111,2.3811911355262416,0.476
-0.5463943467342691,-0.986685944207868,-0.6845471059286831,1.2992135949405856,-2.21762739687082,-0.9184138019302344,0.477
-0.5251746299612956,-0.9961336091431726,-0.9048270524660122,-2.7879012208838656,-2.42613529157048,-5.214036512454346,0.478
-0.5036232016357605,-0.9999210442038162,-0.9980267284282716,4.684079724631378,-2.501570974267848,2.182508750363529,0.479
-0.4817536741017163,-0.9980267284282716,-0.9510565162951644,0.8453641476270084,-2.430836918825152,-1.5854727711981438,0.48
-0.4595798606214887,-0.990461425696652,-0.7705132427757996,1.4968532909132428,-2.22055452909394,-0.7237012381806973,0.481
-0.4371157666509336,-0.977268123568194,-0.4817536741017377,-0.6699291115673912,-1.896137564320865,-2.566066675888256,0.482
-0.4143755809932846,-0.9585217890173758,-0.1253332335643388,-0.2236869706175076,-1.4982306035749993,-1.7219175741925068,0.483
-0.3913736668372027,-0.9343289424566136,0.2486898871648396,-0.1555849484047982,-1.077012722128977,-1.2325976705337751,0.484
-0.3681245526846781,-0.9048270524660204,0.587785252292453,-7.005194982398236,-0.6851663528582456,-7.6903613352564815,0.485
-0.3446429231745169,-0.8701837546695256,0.8443279255019968,-2.1028997595364447,-0.3704987523420459,-2.4733985118784907,0.486
-0.3209436098072109,-0.8305958991958151,0.9822872507286858,-2.12097468630707,-0.1692522582743402,-2.2902269445814105,0.487
-0.2970415815770361,-0.7862884321366201,0.9822872507286932,4.227834238671987,-0.101042762984963,4.126791475687024,0.488
-0.2729519355173262,-0.7375131173581736,0.8443279255020331,0.5428786787665051,-0.1661371273734668,0.3767415513930382,0.489
-0.2486898871648556,-0.6845471059286918,0.5877852522924847,0.3033352611799885,-0.3454517408010628,-0.0421164796210742,0.49
-0.2242707609493817,-0.6276913612907019,0.2486898871648776,-0.870083362412548,-0.6032722350752061,-1.473355597487754,0.491
-0.1997099805144074,-0.5672689491267561,-0.1253332335642717,-0.4207361403204097,-0.8923121632054353,-1.313048303525845,0.492
-0.1750230589752762,-0.5036232016357645,-0.4817536741017033,-1.229065666173938,-1.160399934712744,-2.389465600886682,0.493
-0.150225589120757,-0.4371157666509345,-0.7705132427757746,-2.9458312964518645,-1.3578545985474662,-4.30368589499933,0.494
-0.125333233564304,-0.3681245526846773,-0.9510565162951437,1.4235419301129322,-1.444514302544125,-0.0209723724311927,0.495
-0.1003617148512162,-0.2970415815770387,-0.9980267284282724,2.5729026743206247,-1.3954300248565272,1.1774726494640977,0.496
-0.0753268055279338,-0.2242707609493827,-0.904827052466029,2.727241980730171,-1.2044246189433456,1.5228173617868257,0.497
-0.0502443181797704,-0.1502255891207562,-0.6845471059287116,-1.195708309891074,-0.8850170132292383,-2.0807253231203124,0.498
-0.0251300954433381,-0.0753268055279366,-0.3681245526846894,-1.7143266211999673,-0.4685814536559641,-2.1829080748559315,0.499
-4.898587196589413e-16,-1.469576158976824e-15,-2.1558735510086122e-14,-4.259986183176352,-2.3518170388721888e-14,-4.259986183176375,0.5
0.0251300954433372,0.0753268055279336,0.3681245526846493,-0.7238687645665205,0.4685814536559202,-0.2552873109106003,0.501
0.0502443181797694,0.1502255891207533,0.6845471059286802,-1.918740719951064,0.885017013229203,-1.0337237067218612,0.502
0.0753268055279328,0.2242707609493799,0.9048270524660106,-0.5381035366783445,1.2044246189433234,0.6663210822649789,0.503
0.1003617148512152,0.2970415815770359,0.9980267284282696,2.220155976062345,1.3954300248565208,3.6155860009188654,0.504
0.125333233564303,0.3681245526846746,0.951056516295157,-2.0318491436845,1.4445143025441345,-0.5873348411403656,0.505
0.150225589120756,0.4371157666509318,0.7705132427758021,-1.074096055913505,1.35785459854749,0.2837585426339848,0.506
0.1750230589752753,0.5036232016357619,0.4817536741017411,-2.638398060920914,1.1603999347127782,-1.477998126208136,0.507
0.1997099805144064,0.5672689491267536,0.1253332335643144,3.22029893384511,0.8923121632054746,4.112611097050585,0.508
0.2242707609493808,0.6276913612906997,-0.2486898871648358,0.084613643256516,0.6032722350752446,0.6878858783317607,0.509
0.2486898871648546,0.6845471059286896,-0.5877852522924498,-2.4986614041233466,0.3454517408010944,-2.153209663322252,0.51
0.2729519355173253,0.7375131173581716,-0.8443279255020099,4.083126798196851,0.1661371273734869,4.249263925570338,0.511
0.2970415815770352,0.7862884321366184,-0.9822872507286852,0.3889327128539249,0.1010427629849682,0.4899754758388932,0.512
0.3209436098072099,0.8305958991958134,-0.982287250728694,2.911130065009417,0.1692522582743294,3.0803823232837466,0.513
0.344642923174516,0.870183754669524,-0.8443279255020198,3.0461591525112945,0.3704987523420201,3.4166579048533148,0.514
0.3681245526846771,0.9048270524660192,-0.5877852522924879,-1.6574440308185734,0.6851663528582083,-0.9722776779603652,0.515
0.3913736668372018,0.9343289424566126,-0.2486898871648814,-1.1559483911801838,1.077012722128933,-0.0789356690512508,0.516
0.4143755809932837,0.9585217890173752,0.125333233564296,-4.015252236622214,1.4982306035749549,-2.517021633047259,0.517
0.4371157666509327,0.9772681235681934,0.4817536741016999,-0.9987533140605775,1.896137564320826,0.8973842502602485,0.518
0.4595798606214878,0.9904614256966514,0.7705132427757722,0.9705356239283852,2.220554529093912,3.191090153022297,0.519
0.4817536741017154,0.9980267284282712,0.9510565162951512,3.17429216087072,2.430836918825138,5.605129079695857,0.52
0.5036232016357612,0.999921044203816,0.9980267284282728,1.8892243460229727,2.50157097426785,4.390795320290823,0.521
0.5251746299612963,0.9961336091431724,0.9048270524660308,-5.626055071861794,2.4261352915704992,-3.199919780291294,0.522
0.5463943467342698,0.9866859442078684,0.6845471059286937,-0.8858882418916264,2.217627396870832,1.3317391549792057,0.523
0.5672689491267559,0.971631732914674,0.3681245526846931,0.9284386786196148,1.907025234726123,2.8354639133457376,0.524
0.5877852522924727,0.951056516295153,2.5478843228630832e-14,0.3383910488802727,1.5388417685876512,1.877232817467924,0.525
0.6079302976946052,0.925077206834459,-0.3681245526846721,2.28935756673498,1.1648829518443922,3.4542405185793723,0.526
0.6276913612907004,0.8938414241512639,-0.6845471059286773,-3.17509564718558,0.836985679513287,-2.338109967672293,0.527
0.6470559615694444,0.8575266561936512,-0.9048270524660088,-0.3235397668777964,0.5997555652970867,0.2762157984192903,0.528
0.6660118674342519,0.8163392507171854,-0.9980267284282712,0.4569828747974561,0.484324389723166,0.9413072645206222,0.529
0.6845471059286891,0.7705132427757894,-0.9510565162951582,2.238281787114269,0.5040038324093202,2.742285619523589,0.53
0.7026499697988497,0.7203090248879053,-0.7705132427758046,1.07636053079943,0.6524457519109506,1.7288062827103805,0.531
0.7203090248879076,0.6660118674342534,-0.4817536741017196,0.6975201374965776,0.9045672182204414,1.602087355717019,0.532
0.7375131173581735,0.6079302976946054,-0.1253332335643183,-1.166100658286521,1.2201101814884605,0.0540095232019393,0.533
0.7542513807361035,0.5463943467342671,0.248689887164832,-1.9415237976796025,1.5493356146352026,-0.3921881830443998,0.534
0.7705132427757891,0.4817536741017172,0.5877852522924697,1.74809585754889,1.8400521691699765,3.5881480267188666,0.535
0.7862884321366189,0.414375580993284,0.8443279255020079,-0.7201933079325357,2.044991938631911,1.324798630699375,0.536
0.8015669848708767,0.3446429231745146,0.9822872507286844,-4.141153790851358,2.128497158774076,-2.012656632077282,0.537
0.8163392507171843,0.2729519355173273,0.9822872507286894,1.850149963514143,2.071578436963201,3.921728400477344,0.538
0.830595899195813,0.1997099805144067,0.844327925502022,-2.5129776858910424,1.874633805212241,-0.6383438806788007,0.539
0.8443279255020155,0.1253332335643016,0.587785252292491,2.211105759128574,1.557446411358808,3.768552170487382,0.54
0.8575266561936529,0.0502443181797715,0.2486898871648576,0.9723470102012508,1.156460861538282,2.128807871739533,0.541
0.8701837546695255,-0.0251300954433378,-0.1253332335642921,2.3751443182819005,0.7197204256618954,3.094864743943796,0.542
0.8822912264349532,-0.1003617148512176,-0.4817536741016964,1.240213727014774,0.300175837482039,1.540389564496813,0.543
0.8938414241512638,-0.1750230589752742,-0.7705132427757878,2.7731035967466817,-0.0516948775997981,2.721408719146884,0.544
0.9048270524660196,-0.2486898871648553,-0.95105651629515,1.9245400410236904,-0.2949193509939857,1.6296206900297046,0.545
0.9152411726209178,-0.3209436098072122,-0.9980267284282728,1.875848011442831,-0.4037291656145674,1.4721188458282637,0.546
0.9250772068344584,-0.3913736668372008,-0.9048270524660202,-3.771157793381234,-0.3711235124687628,-4.1422813058499965,0.547
0.9343289424566124,-0.4595798606214884,-0.6845471059286966,2.0312942868237176,-0.2097980240935726,1.821496262730145,0.548
0.9429905358928647,-0.5251746299612983,-0.3681245526846967,-1.2013233174242473,0.0496913532468699,-1.1516319641773771,0.549
0.951056516295154,-0.5877852522924718,-9.772415167715292e-16,0.8762213275069657,0.3632712640026811,1.2394925915096469,0.55
0.9585217890173764,-0.6470559615694449,0.3681245526846684,3.88265587699081,0.6795903801325998,4.56224625712341,0.551
0.965381638833274,-0.7026499697988515,0.6845471059286745,-7.450381881497089,0.9472787749630968,-6.503103106533992,0.552
0.971631732914674,-0.7542513807361029,0.9048270524660194,3.072780967636964,1.1222074046445905,4.1949883722815535,0.553
0.9772681235681936,-0.8015669848708771,0.998026728428271,-2.0141017049651886,1.1737278671255873,-0.8403738378396013,0.554
0.9822872507286888,-0.8443279255020169,0.9510565162951594,-0.7945786551939855,1.0890158415218314,0.2944371863278459,0.555
0.986685944207868,-0.8822912264349526,0.770513242775789,-2.91204303289504,0.8749079605487046,-2.037135072346336,0.556
0.9904614256966512,-0.915241172620918,0.4817536741017231,-1.0669075942774378,0.5569739271774564,-0.5099336670999813,0.557
0.9936113105200084,-0.9429905358928656,0.1253332335643222,2.967931859595439,0.1759540081914651,3.143885867786904,0.558
0.9961336091431726,-0.9653816388332735,-0.2486898871648557,-1.1581306621386205,-0.2179379168549567,-1.376068578993577,0.559
0.9980267284282716,-0.9822872507286888,-0.5877852522924665,0.379272663629649,-0.5720457745928837,-0.1927731109632347,0.56
0.9992894726405892,-0.9936113105200088,-0.8443279255020057,2.6409149137969345,-0.8386497633814254,1.8022651504155087,0.561
0.999921044203816,-0.9992894726405894,-0.9822872507286888,-5.1880256744152975,-0.9816556791654624,-6.16968135358076,0.562
0.999921044203816,-0.9992894726405892,-0.98228725072869,-0.1239092874020973,-0.9816556791654631,-1.1055649665675604,0.5630000000000001
0.9992894726405892,-0.993611310520008,-0.8443279255020241,-2.828903893862118,-0.8386497633814428,-3.6675536572435607,0.5640000000000001
0.9980267284282716,-0.9822872507286876,-0.5877852522924712,5.416460285073894,-0.5720457745928872,4.844414510481007,0.5650000000000001
0.9961336091431724,-0.9653816388332735,-0.2486898871648614,4.26326184068542,-0.2179379168549626,4.045323923830457,0.5660000000000001
0.9936113105200084,-0.9429905358928632,0.1253332335642882,0.3808826207831928,0.1759540081914333,0.556836628974626,0.5670000000000001
0.990461425696651,-0.915241172620915,0.4817536741017179,-2.382044923836416,0.5569739271774539,-1.825070996658962,0.5680000000000001
0.9866859442078678,-0.8822912264349525,0.7705132427757853,4.334607330958852,0.8749079605487006,5.209515291507553,0.5690000000000001
0.9822872507286886,-0.844327925502013,0.9510565162951576,2.6771600806701805,1.0890158415218332,3.766175922192014,0.5700000000000001
0.9772681235681934,-0.8015669848708727,0.9980267284282712,-2.1341549592059,1.173727867125592,-0.9604270920803072,0.5710000000000001
0.9716317329146738,-0.7542513807361027,0.904827052466022,1.2812106853725516,1.122207404644593,2.403418090017144,0.5720000000000001
0.9653816388332735,-0.7026499697988463,0.6845471059286787,-2.4414330801033204,0.947278774963106,-1.4941543051402144,0.5730000000000001
0.9585217890173756,-0.6470559615694393,0.3681245526846739,3.962510037053853,0.6795903801326102,4.642100417186463,0.5740000000000001
0.9510565162951532,-0.5877852522924716,4.897349235316236e-15,-1.9458547703871605,0.3632712640026865,-1.582583506384474,0.5750000000000001
0.942990535892864,-0.525174629961292,-0.3681245526846912,0.9785113794701128,0.0496913532468806,1.0282027327169936,0.5760000000000001
0.9343289424566128,-0.4595798606214945,-0.6845471059286509,-2.899584428684624,-0.2097980240935327,-3.109382452778156,0.577
0.9250772068344588,-0.3913736668372071,-0.9048270524660056,-0.6757193399401149,-0.3711235124687539,-1.0468428524088689,0.578
0.9152411726209182,-0.320943609807212,-0.9980267284282688,3.873480687484668,-0.4037291656145627,3.469751521870105,0.579
0.90482705246602,-0.2486898871648619,-0.9510565162951694,0.0658441962410551,-0.2949193509940113,-0.2290751547529562,0.58
0.8938414241512642,-0.1750230589752809,-0.7705132427758096,-2.490321843373022,-0.0516948775998262,-2.542016720972848,0.581
0.8822912264349537,-0.1003617148512174,-0.4817536741017514,-1.1976092763966046,0.3001758374819848,-0.8974334389146198,0.582
0.870183754669526,-0.0251300954433447,-0.1253332335643543,-3.805379351584273,0.7197204256618269,-3.0856589259224463,0.583
0.8575266561936534,0.0502443181797647,0.2486898871648244,4.136438815763304,1.1564608615382426,5.292899677301547,0.584
0.8443279255020162,0.1253332335643018,0.5877852522924403,-1.7447866093153226,1.5574464113587585,-0.1873401979565643,0.585
0.8305958991958137,0.1997099805144,0.8443279255019884,-3.884866175635677,1.8746338052122025,-2.0102323704234744,0.586
0.8163392507171848,0.2729519355173207,0.982287250728683,0.3772670918135739,2.0715784369631884,2.4488455287767623,0.587
0.8015669848708774,0.3446429231745149,0.9822872507286962,-1.003249732458127,2.1284971587740884,1.125247426315961,0.588
0.7862884321366196,0.4143755809932777,0.8443279255020414,-3.1777598516992005,2.044991938631939,-1.1327679130672617,0.589
0.7705132427757898,0.4817536741017112,0.5877852522924973,3.2065176316742927,1.8400521691699985,5.046569800844291,0.59
0.7542513807361043,0.5463943467342672,0.2486898871648928,-0.1712204454951036,1.5493356146352644,1.3781151691401607,0.591
0.7375131173581743,0.6079302976945999,-0.1253332335642561,0.589814189383651,1.2201101814885182,1.8099243708721693,0.592
0.7203090248879084,0.6660118674342483,-0.4817536741016895,1.6330964530293095,0.904567218220467,2.537663671249777,0.593
0.7026499697988505,0.7203090248879055,-0.7705132427757646,-0.8459620143141244,0.6524457519109914,-0.193516262403133,0.594
0.6845471059286898,0.7705132427757849,-0.9510565162951388,1.828927392498655,0.5040038324093359,2.332931224907991,0.595
0.6660118674342527,0.8163392507171815,-0.9980267284282732,0.2583818940645382,0.4843243897231608,0.742706283787699,0.596
0.6470559615694452,0.8575266561936513,-0.9048270524660356,2.9051115981550657,0.5997555652970609,3.5048671634521265,0.597
0.6276913612907012,0.8938414241512608,-0.684547105928723,-0.5777897278518004,0.836985679513239,0.2591959516614386,0.598
0.607930297694606,0.9250772068344564,-0.3681245526847039,-0.4682168679298144,1.1648829518443586,0.6966660839145442,0.599
0.5877852522924736,0.951056516295153,-3.723916638426495e-14,2.866186927272825,1.5388417685875893,4.405028695860414,0.6
0.5672689491267568,0.9716317329146724,0.3681245526846347,0.4698417316979075,1.907025234726064,2.376866966423971,0.601
0.5463943467342707,0.9866859442078674,0.6845471059286687,3.0356042367322447,2.2176273968708067,5.253231633603051,0.602
0.5251746299612972,0.9961336091431724,0.904827052466004,-4.141312197530751,2.426135291570473,-1.7151769059602775,0.603
0.5036232016357621,0.999921044203816,0.9980267284282688,3.11870189441608,2.501570974267847,5.620272868683927,0.604
0.4817536741017164,0.9980267284282718,0.951056516295162,2.617057016335309,2.4308369188251504,5.04789393516046,0.605
0.4595798606214888,0.9904614256966514,0.7705132427758121,-4.364629046965004,2.220554529093953,-2.144074517871052,0.606
0.4371157666509337,0.9772681235681948,0.4817536741017548,2.3564849572255526,1.8961375643208835,4.252622521546436,0.607
0.4143755809932847,0.958521789017377,0.12533323356433,-4.655921397255176,1.4982306035749915,-3.157690793680184,0.608
0.3913736668372028,0.9343289424566126,-0.2486898871648206,-1.4062946850605225,1.077012722128995,-0.3292819629315278,0.609
0.3681245526846782,0.904827052466022,-0.5877852522924372,-3.476855126717506,0.6851663528582632,-2.791688773859242,0.61
0.3446429231745171,0.8701837546695275,-0.8443279255020015,-3.463146502949665,0.3704987523420431,-3.0926477506076218,0.611
0.320943609807211,0.8305958991958133,-0.9822872507286822,-3.227938023261161,0.1692522582743421,-3.058685764986819,0.612
0.2970415815770362,0.7862884321366226,-0.9822872507286968,-0.4948841385388934,0.1010427629849618,-0.3938413755539316,0.613
0.2729519355173264,0.7375131173581763,-0.8443279255020283,-0.707616424703438,0.1661371273734743,-0.5414792973299637,0.614
0.2486898871648557,0.6845471059286895,-0.5877852522925006,-3.680350574558028,0.3454517408010447,-3.334898833756983,0.615
0.2242707609493819,0.627691361290705,-0.2486898871648966,-0.0376889086355386,0.6032722350751903,0.5655833264396517,0.616
0.1997099805144075,0.5672689491267593,0.1253332335642804,-0.1918845622196526,0.8923121632054474,0.7004276009857948,0.617
0.1750230589752763,0.5036232016357617,0.4817536741016861,-0.8668250384828703,1.160399934712724,0.2935748962298538,0.618
0.1502255891207571,0.437115766650938,0.7705132427757622,-1.168157179193566,1.3578545985474573,0.1896974193538914,0.619
0.1253332335643041,0.368124552684681,0.9510565162951464,-1.521455306646871,1.4445143025441314,-0.0769410041027396,0.62
0.1003617148512163,0.2970415815770357,0.9980267284282736,-1.2017389694794418,1.3954300248565257,0.1936910553770836,0.621
0.0753268055279339,0.2242707609493865,0.9048270524660372,-3.004766192398568,1.2044246189433578,-1.8003415734552104,0.622
0.0502443181797705,0.1502255891207601,0.6845471059287052,-0.3742971549493215,0.8850170132292359,0.5107198582799144,0.623
0.0251300954433383,0.0753268055279334,0.3681245526847076,-3.509111416209591,0.4685814536559793,-3.040529962553612,0.624
6.123233995736766e-16,5.3896838775215305e-15,1.2737564672405651e-14,1.1976037562618416,1.8739571949500857e-14,1.1976037562618602,0.625
-0.025130095443337,-0.0753268055279297,-0.3681245526846575,-0.5006717613445059,-0.4685814536559243,-0.9692532150004302,0.626
-0.0502443181797693,-0.1502255891207565,-0.6845471059286659,-0.9644967207384536,-0.8850170132291917,-1.8495137339676453,0.627
-0.0753268055279327,-0.2242707609493829,-0.9048270524660144,-3.5436686529648176,-1.20442461894333,-4.748093271908148,0.628
-0.1003617148512151,-0.2970415815770322,-0.9980267284282702,-1.4503808310413064,-1.3954300248565177,-2.845810855897824,0.629
-0.1253332335643029,-0.3681245526846776,-0.951056516295163,0.8926153577070948,-1.4445143025441434,-0.5518989448370486,0.63
-0.1502255891207559,-0.4371157666509347,-0.7705132427757965,2.47297622858956,-1.3578545985474872,1.1151216300420723,0.631
-0.1750230589752751,-0.5036232016357585,-0.4817536741017333,-1.1614448669322943,-1.160399934712767,-2.321844801645061,0.632
-0.1997099805144063,-0.5672689491267563,-0.1253332335643339,-0.4106631097636878,-0.8923121632054966,-1.3029752729691844,0.633
-0.2242707609493807,-0.6276913612907021,0.2486898871648444,3.594648205487156,-0.6032722350752384,2.991375970411917,0.634
-0.2486898871648545,-0.6845471059286868,0.5877852522924569,0.1134685860819501,-0.3454517408010844,-0.2319831547191342,0.635
-0.2729519355173251,-0.7375131173581738,0.8443279255019994,3.5783945132119666,-0.1661371273734996,3.412257385838467,0.636
-0.2970415815770333,-0.7862884321366203,0.9822872507286868,-2.1144974880871907,-0.1010427629849668,-2.2155402510721576,0.637
-0.3209436098072098,-0.8305958991958112,0.9822872507286924,-2.332475089354244,-0.1692522582743288,-2.5017273476285724,0.638
-0.3446429231745159,-0.8701837546695257,0.8443279255020304,-0.8026466812141552,-0.3704987523420113,-1.1731454335561664,0.639
-0.3681245526846787,-0.9048270524660206,0.5877852522924807,-4.03180728232438,-0.6851663528582186,-4.716973635182598,0.64
-0.3913736668372017,-0.9343289424566112,0.2486898871648728,1.3674625155148372,-1.07701272212894,0.2904497933858971,0.641
-0.4143755809932852,-0.958521789017376,-0.1253332335642765,-1.619897229930105,-1.4982306035749378,-3.118127833505043,0.642
-0.4371157666509326,-0.977268123568194,-0.4817536741017076,-0.0984190294535471,-1.8961375643208345,-1.9945565937743808,0.643
-0.4595798606214861,-0.990461425696651,-0.7705132427757778,-2.327245180448754,-2.220554529093915,-4.547799709542669,0.644
-0.4817536741017153,-0.9980267284282716,-0.9510565162951452,3.481774133256212,-2.430836918825132,1.0509372144310798,0.645
-0.5036232016357596,-0.999921044203816,-0.998026728428272,2.842875718760613,-2.501570974267848,0.3413047444927652,0.646
-0.5251746299612962,-0.9961336091431726,-0.9048270524660268,-2.303468856839058,-2.426135291570496,-4.729604148409553,0.647
-0.5463943467342682,-0.986685944207868,-0.684547105928708,-2.638224226730914,-2.217627396870844,-4.855851623601758,0.648
-0.5672689491267573,-0.9716317329146732,-0.3681245526846848,-5.087362760263627,-1.907025234726116,-6.994387994989742,0.649
-0.5877852522924726,-0.9510565162951542,-1.6657672390950356e-14,3.023834421639933,-1.5388417685876434,1.48499265305229,0.65
-0.6079302976946065,-0.9250772068344578,0.3681245526846539,0.8010171802749662,-1.1648829518444104,-0.3638657715694442,0.651
-0.6276913612907004,-0.8938414241512624,0.6845471059286837,-0.5085617840830089,-0.836985679513279,-1.345547463596288,0.652
-0.647055961569443,-0.8575266561936532,0.9048270524660128,-0.3380117138482837,-0.5997555652970836,-0.9377672791453674,0.653
-0.6660118674342518,-0.8163392507171836,0.99802672842827,-3.749177616280036,-0.4843243897231652,-4.233502006003201,0.654
-0.6845471059286877,-0.7705132427757873,0.9510565162951554,2.805539971913552,-0.5040038324093197,2.301536139504232,0.655
-0.7026499697988496,-0.720309024887908,0.770513242775799,1.1414954622069526,-0.6524457519109588,0.4890497102959938,0.656
-0.7203090248879063,-0.666011867434251,0.4817536741017368,3.83526805051425,-0.9045672182204204,2.93070083229383,0.657
-0.7375131173581746,-0.6079302976946028,0.1253332335643096,-1.560298836375207,-1.2201101814884678,-2.7804090178636747,0.658
-0.7542513807361034,-0.5463943467342703,-0.2486898871648405,-1.8771632487127528,-1.5493356146352144,-3.426498863347968,0.659
-0.7705132427757901,-0.4817536741017145,-0.5877852522924538,5.859007346577254,-1.8400521691699585,4.018955177407296,0.66
-0.7862884321366188,-0.4143755809932811,-0.8443279255020125,-0.2805847801393478,-2.0449919386319126,-2.3255767187712606,0.661
-0.8015669848708777,-0.3446429231745183,-0.982287250728686,-0.7190789042557265,-2.128497158774082,-2.8475760630298086,0.662
-0.8163392507171842,-0.2729519355173242,-0.982287250728693,3.785386612890562,-2.0715784369632013,1.713808175927361,0.663
-0.830595899195812,-0.1997099805144036,-0.8443279255020173,-0.1462998086061905,-1.8746338052122329,-2.0209336138184235,0.664
-0.8443279255020155,-0.1253332335643054,-0.5877852522924839,2.976978977925235,-1.557446411358805,1.41953256656643,0.665
-0.8575266561936519,-0.0502443181797683,-0.2486898871648766,2.8000725472188144,-1.156460861538297,1.6436116856805174,0.666
-0.8701837546695262,0.025130095443341,0.1253332335643008,1.7873154207922906,-0.7197204256618843,1.0675949951304062,0.667
-0.8822912264349531,0.1003617148512137,0.4817536741017041,1.2502158076729448,-0.3001758374820351,0.9500399701909096,0.668
-0.8938414241512646,0.1750230589752773,0.7705132427757753,1.795253087986938,0.051694877599788,1.846947965586726,0.669
-0.9048270524660196,0.2486898871648583,0.9510565162951528,2.7297734828022224,0.2949193509939916,3.0246928337962142,0.67
-0.9152411726209184,0.3209436098072085,0.9980267284282724,1.998467802835144,0.4037291656145624,2.402196968449706,0.671
-0.9250772068344584,0.3913736668372037,0.9048270524660286,0.2699710850967489,0.371123512468774,0.641094597565523,0.672
-0.9343289424566116,0.4595798606214912,0.6845471059286902,-3.4589826213859176,0.2097980240935697,-3.249184597292348,0.673
-0.9429905358928647,0.5251746299612949,0.3681245526846884,0.5856395474670109,-0.0496913532468813,0.5359481942201295,0.674
-0.9510565162951534,0.5877852522924744,2.0577780109495062e-14,-2.244190740244971,-0.3632712640026584,-2.6074620042476293,0.675
-0.9585217890173764,0.6470559615694473,-0.3681245526846766,1.934634309505596,-0.6795903801326055,1.2550439293729905,0.676
-0.9653816388332738,0.7026499697988488,-0.684547105928681,-0.3832851543132083,-0.947278774963106,-1.3305639292763145,0.677
-0.9716317329146744,0.754251380736105,-0.904827052466011,-2.663454876843072,-1.1222074046445805,-3.785662281487652,0.678
-0.9772681235681936,0.8015669848708791,-0.9980267284282716,-3.769007071811718,-1.173727867125586,-4.9427349389373045,0.679
-0.982287250728689,0.8443279255020147,-0.9510565162951654,1.298374318233483,-1.0890158415218396,0.2093584767116434,0.68
-0.986685944207868,0.8822912264349542,-0.7705132427758015,-2.2838575825469194,-0.8749079605487154,-3.158765543095635,0.681
-0.9904614256966512,0.9152411726209192,-0.4817536741017153,-2.86397399586992,-0.5569739271774471,-3.420947923047367,0.682
-0.9936113105200084,0.9429905358928644,-0.1253332335643417,0.4053343515480347,-0.1759540081914859,0.2293803433565488,0.683
-0.9961336091431724,0.9653816388332744,0.2486898871648367,-1.486850725711208,0.2179379168549388,-1.2689128088562691,0.684
-0.9980267284282716,0.9822872507286896,0.5877852522924736,0.4443667347860459,0.5720457745928914,1.0164125093789371,0.685
-0.9992894726405892,0.9936113105200084,0.8443279255019952,-2.426055483818401,0.8386497633814144,-1.587405720436987,0.686
-0.999921044203816,0.9992894726405892,0.9822872507286852,-1.0738922135257345,0.9816556791654584,-0.0922365343602757,0.687
-0.999921044203816,0.9992894726405892,0.9822872507286884,-0.4349406359708918,0.9816556791654616,0.5467150431945696,0.6880000000000001
-0.9992894726405892,0.9936113105200084,0.8443279255020346,-0.1073288360147796,0.8386497633814538,0.7313209273666741,0.6890000000000001
-0.9980267284282716,0.9822872507286884,0.5877852522924871,1.0213243102319858,0.5720457745929038,1.5933700848248895,0.6900000000000001
-0.9961336091431724,0.9653816388332728,0.2486898871648529,2.3360800189607067,0.2179379168549531,2.55401793581566,0.6910000000000001
-0.9936113105200084,0.9429905358928644,-0.1253332335642688,-1.0542080714391593,-0.1759540081914125,-1.230162079630572,0.6920000000000001
-0.9904614256966512,0.9152411726209166,-0.4817536741017007,2.894504218840683,-0.5569739271774354,2.3375302916632474,0.6930000000000001
-0.9866859442078678,0.8822912264349511,-0.7705132427757909,1.7642439501860316,-0.8749079605487077,0.889335989637324,0.6940000000000001
-0.9822872507286888,0.8443279255020151,-0.9510565162951604,-0.8633551773909693,-1.0890158415218338,-1.9523710189128032,0.6950000000000001
-0.977268123568193,0.8015669848708751,-0.9980267284282726,0.9096020780465752,-1.1737278671255904,-0.2641257890790153,0.6960000000000001
-0.971631732914674,0.7542513807361005,-0.904827052466018,0.4584257149321181,-1.1222074046445916,-0.6637816897124734,0.6970000000000001
-0.9653816388332732,0.7026499697988491,-0.6845471059286723,-2.178613223386732,-0.9472787749630964,-3.125891998349828,0.6980000000000001
-0.9585217890173756,0.6470559615694423,-0.3681245526846921,4.6474793231740446,-0.6795903801326254,3.967888943041419,0.6990000000000001
-0.9510565162951538,0.587785252292469,3.923821602364237e-15,2.2353220522028696,-0.3632712640026808,1.8720507882001889,0.7000000000000001
-0.942990535892864,0.5251746299612954,0.3681245526846994,-1.985989016984344,-0.0496913532468692,-2.035680370231213,0.7010000000000001
-0.934328942456612,0.4595798606214853,0.6845471059286781,-1.451965245842039,0.2097980240935513,-1.2421672217484874,0.7020000000000001
-0.9250772068344574,0.3913736668371976,0.9048270524660216,4.156839476880807,0.3711235124687617,4.527962989349568,0.7030000000000001
-0.915241172620919,0.3209436098072157,0.9980267284282694,1.5332582496334777,0.4037291656145662,1.936987415248044,0.704
-0.90482705246602,0.2486898871648588,0.9510565162951754,-1.1947333160037894,0.2949193509940141,-0.8998139650097753,0.705
-0.8938414241512651,0.1750230589752778,0.7705132427758221,2.300165080124648,0.0516948775998348,2.3518599577244825,0.706
-0.8822912264349537,0.1003617148512213,0.4817536741017437,-2.5856073958054635,-0.3001758374819886,-2.885783233287452,0.707
-0.8701837546695269,0.0251300954433415,0.1253332335643737,0.2847418725529403,-0.7197204256618116,-0.4349785531088713,0.708
-0.8575266561936525,-0.0502443181797679,-0.2486898871648054,3.6467282620556896,-1.156460861538226,2.490267400517464,0.709
-0.8443279255020162,-0.1253332335642979,-0.5877852522924475,-0.7649927375411764,-1.5574464113587616,-2.322439148899938,0.71
-0.8305958991958127,-0.1997099805144031,-0.8443279255019779,-1.6073461268940283,-1.8746338052121936,-3.481979932106222,0.711
-0.8163392507171849,-0.2729519355173238,-0.9822872507286792,-2.727668693653177,-2.071578436963188,-4.799247130616365,0.712
-0.8015669848708785,-0.3446429231745112,-0.9822872507286944,-4.55462730106451,-2.1284971587740844,-6.683124459838595,0.713
-0.7862884321366197,-0.4143755809932807,-0.8443279255020519,-4.047143765079395,-2.044991938631952,-6.092135703711347,0.714
-0.770513242775791,-0.481753674101714,-0.5877852522925132,0.498239040654772,-1.8400521691700185,-1.3418131285152464,0.715
-0.7542513807361043,-0.546394346734264,-0.2486898871648842,-1.334645884395627,-1.5493356146352524,-2.883981499030879,0.716
-0.7375131173581755,-0.6079302976946025,0.1253332335642367,4.308380680149192,-1.2201101814885411,3.0882704986606506,0.717
-0.7203090248879072,-0.6660118674342507,0.4817536741016724,-0.9627973381217068,-0.9045672182204856,-1.8673645563421923,0.718
-0.7026499697988506,-0.7203090248879027,0.7705132427757703,-2.312885337394869,-0.6524457519109831,-2.9653310893058524,0.719
-0.6845471059286886,-0.7705132427757869,0.9510565162951328,-2.856200875410778,-0.5040038324093428,-3.3602047078201207,0.72
-0.6660118674342528,-0.8163392507171833,0.9980267284282746,2.445663514569268,-0.4843243897231616,1.9613391248461065,0.721
-0.647055961569444,-0.8575266561936493,0.904827052466032,0.454104429387048,-0.5997555652970613,-0.1456511359100132,0.722
-0.6276913612907014,-0.8938414241512622,0.6845471059287374,-1.6230830633740891,-0.8369856795132262,-2.460068742887316,0.723
-0.6079302976946075,-0.9250772068344576,0.3681245526847222,-0.4239903954606856,-1.1648829518443429,-1.5888733473050285,0.724
-0.5877852522924737,-0.951056516295152,2.8417995546584478e-14,1.5042169768978495,-1.5388417685875972,-0.0346247916897477,0.725
-0.5672689491267584,-0.9716317329146732,-0.3681245526846165,1.2823526842220256,-1.9070252347260483,-0.6246725505040227,0.726
-0.5463943467342693,-0.986685944207868,-0.6845471059286544,-3.7869244463624674,-2.217627396870792,-6.0045518432332585,0.727
-0.5251746299612973,-0.996133609143172,-0.9048270524660076,0.8684703315317276,-2.426135291570477,-1.557664960038749,0.728
-0.5036232016357607,-0.999921044203816,-0.9980267284282676,3.572592741012253,-2.501570974267844,1.0710217667444089,0.729
-0.4817536741017165,-0.9980267284282716,-0.951056516295168,0.1708895779508453,-2.430836918825156,-2.2599473408743105,0.73
-0.4595798606214873,-0.990461425696652,-0.7705132427758065,0.4422384286772112,-2.220554529093946,-1.7783161004167347,0.731
-0.4371157666509338,-0.977268123568194,-0.481753674101772,-0.0603733258158375,-1.8961375643209,-1.9565108901367376,0.732
-0.4143755809932865,-0.958521789017376,-0.1253332335643494,-3.2230714687554727,-1.498230603575012,-4.721302072330484,0.733
-0.3913736668372029,-0.934328942456614,0.2486898871648292,-1.9514926518398403,-1.0770127221289876,-3.028505373968828,0.734
-0.36812455268468,-0.9048270524660208,0.5877852522924213,3.659624182246933,-0.6851663528582795,2.974457829388653,0.735
-0.3446429231745172,-0.8701837546695259,0.844327925501991,1.937958104544428,-0.3704987523420521,1.567459352202376,0.736
-0.3209436098072111,-0.8305958991958156,0.9822872507286838,0.3796301410020098,-0.1692522582743428,0.210377882727667,0.737
-0.2970415815770346,-0.7862884321366206,0.9822872507287006,-4.751130105901327,-0.1010427629849546,-4.8521728688862815,0.738
-0.2729519355173265,-0.7375131173581742,0.8443279255020388,-3.696615059587703,-0.1661371273734617,-3.862752186961165,0.739
-0.2486898871648541,-0.6845471059286923,0.5877852522924935,-2.376661036549289,-0.3454517408010529,-2.722112777350341,0.74
-0.224270760949382,-0.6276913612907025,0.2486898871649155,1.0073207114906382,-0.6032722350751689,0.4040484764154692,0.741
-0.1997099805144094,-0.5672689491267566,-0.125333233564261,-2.1745759972493004,-0.892312163205427,-3.066888160454728,0.742
-0.1750230589752764,-0.503623201635765,-0.4817536741016939,-1.1291910114215051,-1.1603999347127354,-2.2895909461342407,0.743
-0.150225589120759,-0.4371157666509351,-0.7705132427757496,-4.841339112159341,-1.3578545985474435,-6.199193710706785,0.744
-0.1253332335643042,-0.368124552684678,-0.9510565162951404,0.0296077717965615,-1.4445143025441225,-1.414906530747561,0.745
-0.1003617148512164,-0.2970415815770394,-0.998026728428273,-1.7886912808650346,-1.395430024856529,-3.184121305721564,0.746
-0.0753268055279323,-0.2242707609493834,-0.9048270524660456,-2.489715196987601,-1.2044246189433614,-3.694139815930962,0.747
-0.0502443181797707,-0.1502255891207569,-0.6845471059287195,0.1305369287300831,-0.8850170132292472,-0.7544800844991641,0.748
-0.0251300954433366,-0.0753268055279373,-0.3681245526846994,1.2873081036992908,-0.4685814536559733,0.8187266500433175,0.749
-7.34788079488412e-16,-2.204364238465236e-15,-6.075981269553319e-14,-0.0813008131276978,-6.369896501348683e-14,-0.0813008131277615,0.75
0.0251300954433351,0.0753268055279329,0.3681245526846393,-0.4908633383905918,0.4685814536559074,-0.0222818847346844,0.751
0.0502443181797692,0.1502255891207526,0.6845471059286723,0.3671510258391719,0.8850170132291941,1.252168039068366,0.752
0.0753268055279308,0.2242707609493791,0.904827052466018,-5.630587209725996,1.204424618943328,-4.426162590782668,0.753
0.100361714851215,0.2970415815770352,0.998026728428269,-1.8255696805507764,1.3954300248565192,-0.4301396556942571,0.754
0.1253332335643028,0.3681245526846739,0.9510565162951604,2.986287189090394,1.4445143025441372,4.430801491634531,0.755
0.1502255891207576,0.4371157666509311,0.7705132427757909,-1.0753333665525775,1.3578545985474797,0.2825212319949022,0.756
0.175023058975275,0.5036232016357612,0.4817536741017506,1.0384184166465056,1.160399934712787,2.1988183513592925,0.757
0.1997099805144079,0.5672689491267531,0.1253332335643251,-2.596578581490708,0.8923121632054862,-1.704266418285222,0.758
0.2242707609493806,0.627691361290699,-0.2486898871648529,1.867582528183747,0.6032722350752266,2.470854763258973,0.759
0.2486898871648526,0.6845471059286892,-0.587785252292441,0.3059142564832053,0.3454517408011007,0.6513659972843061,0.76
0.272951935517325,0.7375131173581712,-0.8443279255020041,3.424025134490273,0.166137127373492,3.5901622618637656,0.761
0.2970415815770332,0.7862884321366179,-0.9822872507286884,-0.2641121074898919,0.1010427629849627,-0.1630693445049291,0.762
0.3209436098072097,0.830595899195813,-0.982287250728696,-0.2170854264495567,0.1692522582743267,-0.0478331681752299,0.763
0.3446429231745158,0.8701837546695237,-0.8443279255020256,3.8155214814761376,0.3704987523420139,4.186020233818152,0.764
0.3681245526846786,0.9048270524660188,-0.5877852522924736,0.2275934679076155,0.6851663528582239,0.9127598207658394,0.765
0.3913736668372016,0.9343289424566124,-0.2486898871648918,-1.681873817205224,1.077012722128922,-0.604861095076302,0.766
0.4143755809932851,0.9585217890173748,0.1253332335642853,-0.0068288675706612,1.4982306035749453,1.4914017360042842,0.767
0.4371157666509325,0.9772681235681931,0.4817536741017153,-3.816389539376473,1.896137564320841,-1.920251975055632,0.768
0.459579860621486,0.9904614256966514,0.7705132427757653,1.8801590562396,2.220554529093903,4.100713585333503,0.769
0.4817536741017152,0.9980267284282712,0.951056516295148,-0.5902274727406902,2.4308369188251344,1.840609446084444,0.77
0.5036232016357595,0.999921044203816,0.9980267284282716,-0.0347333841232607,2.501570974267847,2.466837590144586,0.771
0.525174629961296,0.9961336091431724,0.9048270524660352,2.136760543779857,2.426135291570504,4.562895835350361,0.772
0.5463943467342681,0.9866859442078686,0.6845471059287016,2.8292357258310377,2.217627396870838,5.046863122701875,0.773
0.5672689491267572,0.9716317329146742,0.3681245526846766,-1.4234002399940962,1.907025234726108,0.4836249947320117,0.774
0.5877852522924725,0.9510565162951532,3.625821098367389e-14,0.671673936097409,1.538841768587662,2.2105157046850707,0.775
0.6079302976946064,0.9250772068344594,-0.3681245526846621,5.1151752027722015,1.1648829518444035,6.280058154616605,0.776
0.6276913612907002,0.8938414241512642,-0.6845471059286902,3.2340776820911654,0.8369856795132743,4.071063361604439,0.777
0.6470559615694429,0.8575266561936515,-0.9048270524660044,-4.590409790640665,0.5997555652970902,-3.990654225343575,0.778
0.6660118674342517,0.8163392507171858,-0.9980267284282706,0.3940934493817902,0.4843243897231669,0.8784178391049572,0.779
0.6845471059286876,0.7705132427757898,-0.9510565162951528,3.600608423183423,0.5040038324093246,4.104612255592747,0.78
0.7026499697988495,0.7203090248879058,-0.7705132427758115,-2.635335229637064,0.6524457519109439,-1.98288947772612,0.781
0.7203090248879062,0.666011867434254,-0.4817536741017291,2.589280945529928,0.9045672182204312,3.493848163750359,0.782
0.7375131173581745,0.6079302976946059,-0.1253332335643008,-3.1704831559466307,1.2201101814884796,-1.950372974458151,0.783
0.7542513807361034,0.5463943467342677,0.2486898871648216,1.0709694801814749,1.5493356146351926,2.6203050948166675,0.784
0.7705132427757901,0.4817536741017179,0.5877852522924609,2.9795100235604592,1.840052169169969,4.819562192730428,0.785
0.7862884321366188,0.4143755809932847,0.8443279255020173,-3.048033237780132,2.044991938631921,-1.0030412991482107,0.786
0.8015669848708776,0.3446429231745153,0.9822872507286824,-2.639984773227674,2.128497158774075,-0.5114876144535989,0.787
0.816339250717184,0.272951935517328,0.9822872507286914,4.789490516031528,2.0715784369632035,6.861068952994732,0.788
0.8305958991958119,0.1997099805144074,0.8443279255020125,-1.02909128995161,1.874633805212232,0.8455425152606217,0.789
0.8443279255020154,0.1253332335643023,0.5877852522924998,2.0632907801331912,1.5574464113588176,3.620737191492009,0.79
0.8575266561936518,0.0502443181797723,0.2486898871648681,-0.0629430975819844,1.156460861538292,1.0935177639563076,0.791
0.8701837546695262,-0.0251300954433371,-0.1253332335643096,-3.3270178518901545,0.7197204256618795,-2.607297426228275,0.792
0.8822912264349531,-0.1003617148512169,-0.481753674101687,-0.9927161810861715,0.3001758374820491,-0.6925403436041225,0.793
0.8938414241512644,-0.1750230589752734,-0.7705132427757809,-1.3785179636115987,-0.0516948775997899,-1.4302128412113886,0.794
0.9048270524660196,-0.2486898871648546,-0.9510565162951554,0.1610801046653487,-0.2949193509939906,-0.1338392463286418,0.795
0.9152411726209184,-0.3209436098072116,-0.9980267284282736,2.536772173235013,-0.4037291656145668,2.1330430076204463,0.796
0.9250772068344582,-0.3913736668372001,-0.9048270524660248,4.058236273163401,-0.3711235124687667,3.6871127606946335,0.797
0.9343289424566116,-0.4595798606214878,-0.6845471059286837,-5.93787758215738,-0.2097980240935599,-6.14767560625094,0.798
0.9429905358928647,-0.5251746299612977,-0.3681245526847067,-1.4615553120861058,0.0496913532468603,-1.4118639588392454,0.799
0.9510565162951532,-0.5877852522924712,-1.1756609271814592e-14,-0.3829123566697204,0.3632712640026703,-0.0196410926670501,0.8
0.9585217890173764,-0.6470559615694443,0.3681245526846848,-0.9336583025972706,0.6795903801326169,-0.2540679224646537,0.801
0.9653816388332738,-0.702649969798851,0.6845471059286666,-3.115870453108616,0.9472787749630894,-2.168591678145526,0.802
0.9716317329146744,-0.7542513807361023,0.9048270524660148,-2.392999472302778,1.122207404644587,-1.2707920676581912,0.803
0.9772681235681936,-0.8015669848708766,0.998026728428272,0.4099310592679042,1.173727867125589,1.5836589263934933,0.804
0.982287250728689,-0.8443279255020165,0.9510565162951627,-1.1108125016890142,1.0890158415218352,-0.021796660167179,0.805
0.986685944207868,-0.8822912264349523,0.7705132427757959,-4.131238164439585,0.8749079605487118,-3.256330203890873,0.806
0.9904614256966512,-0.9152411726209176,0.4817536741017076,3.021490558034789,0.556973927177441,3.5784644852122307,0.807
0.9936113105200084,-0.9429905358928654,0.1253332335643329,-1.013202640760516,0.175954008191476,-0.83724863256904,0.808
0.9961336091431724,-0.9653816388332732,-0.2486898871648453,-2.28530116247301,-0.2179379168549462,-2.503239079327957,0.809
0.9980267284282716,-0.9822872507286888,-0.5877852522924808,0.1287554265545148,-0.5720457745928978,-0.4432903480383829,0.81
0.9992894726405892,-0.9936113105200088,-0.844327925502,-0.7670177937450964,-0.8386497633814195,-1.605667557126516,0.811
0.999921044203816,-0.9992894726405894,-0.982287250728687,0.6170431118216543,-0.9816556791654604,-0.364612567343806,0.812
0.999921044203816,-0.9992894726405892,-0.9822872507286868,4.612052957307757,-0.98165567916546,3.630397278142297,0.8130000000000001
0.9992894726405892,-0.993611310520008,-0.8443279255020298,-0.6436283685290232,-0.8386497633814487,-1.482278131910472,0.8140000000000001
0.9980267284282716,-0.9822872507286876,-0.5877852522924799,1.616362409692877,-0.572045774592896,1.044316635099981,0.8150000000000001
0.9961336091431724,-0.9653816388332735,-0.2486898871648444,-1.247363215737922,-0.2179379168549455,-1.4653011325928675,0.8160000000000001
0.9936113105200084,-0.9429905358928634,0.1253332335642775,-1.128210795515321,0.1759540081914224,-0.952256787323899,0.8170000000000001
0.9904614256966512,-0.9152411726209152,0.4817536741017085,0.3452808393661015,0.5569739271774445,0.902254766543546,0.8180000000000001
0.9866859442078678,-0.8822912264349528,0.7705132427757965,-3.860570551685825,0.8749079605487114,-2.985662591137113,0.8190000000000001
0.9822872507286888,-0.8443279255020133,0.9510565162951454,1.835943505911498,1.089015841521821,2.924959347433319,0.8200000000000001
0.977268123568193,-0.8015669848708732,0.998026728428272,-1.9213152503141124,1.1737278671255915,-0.7475873831885207,0.8210000000000001
0.971631732914674,-0.7542513807361032,0.9048270524660144,1.1185209583439495,1.122207404644585,2.2407283629885346,0.8220000000000001
0.9653816388332732,-0.7026499697988468,0.6845471059287074,1.001212096143735,0.947278774963134,1.948490871106869,0.8230000000000001
0.9585217890173756,-0.6470559615694399,0.3681245526846839,-4.2360804729316985,0.6795903801326197,-3.556490092799079,0.8240000000000001
0.951056516295154,-0.5877852522924722,-1.2744992440044711e-14,-2.918627319576524,0.3632712640026688,-2.5553560555738546,0.8250000000000001
0.942990535892864,-0.5251746299612927,-0.3681245526846547,-0.5873697168127321,0.0496913532469165,-0.5376783635658156,0.8260000000000001
0.934328942456612,-0.4595798606214826,-0.6845471059286845,-0.8413724818626879,-0.2097980240935549,-1.0511705059562428,0.8270000000000001
0.9250772068344576,-0.3913736668372012,-0.9048270524660252,7.230861201933511,-0.3711235124687689,6.859737689464742,0.8280000000000001
0.9152411726209176,-0.320943609807206,-0.99802672842827,0.184076072165359,-0.4037291656145585,-0.2196530934491994,0.8290000000000001
0.9048270524660188,-0.2486898871648488,-0.9510565162951552,-0.3083570520873242,-0.2949193509939853,-0.6032764030813096,0.8300000000000001
0.8938414241512636,-0.1750230589752746,-0.7705132427757803,0.309675536076512,-0.0516948775997914,0.2579806584767206,0.8310000000000001
0.8822912264349522,-0.1003617148512111,-0.481753674101736,0.602985932525752,0.300175837482005,0.9031617700077572,0.8320000000000001
0.870183754669527,-0.0251300954433454,-0.125333233564365,-1.630578601817658,0.7197204256618166,-0.9108581761558414,0.833
0.8575266561936526,0.0502443181797639,0.248689887164814,1.6395689405031182,1.1564608615382306,2.7960298020413488,0.834
0.8443279255020163,0.1253332335643011,0.5877852522924546,-1.6916543151401264,1.557446411358772,-0.1342079037813544,0.835
0.8305958991958128,0.1997099805143993,0.8443279255019827,0.8674602062674153,1.8746338052121947,2.74209401147961,0.836
0.816339250717185,0.27295193551732,0.982287250728681,-0.4755653167002641,2.0715784369631858,1.5960131202629215,0.837
0.8015669848708786,0.3446429231745142,0.9822872507286928,3.3736520720102305,2.1284971587740857,5.502149230784316,0.838
0.7862884321366198,0.4143755809932771,0.8443279255020472,-1.1072940820666342,2.044991938631944,0.93769785656531,0.839
0.7705132427757911,0.4817536741017106,0.5877852522925061,-1.4885442718693362,1.840052169170008,0.3515078973006715,0.84
0.7542513807361044,0.5463943467342667,0.2486898871648757,-2.7229890024115555,1.5493356146352468,-1.173653387776309,0.841
0.7375131173581756,0.6079302976945994,-0.1253332335642454,-4.537729033982114,1.2201101814885296,-3.317618852493584,0.842
0.7203090248879073,0.6660118674342478,-0.4817536741016801,2.3198166604529367,0.9045672182204748,3.224383878673412,0.843
0.7026499697988507,0.7203090248879049,-0.7705132427757759,4.170272168019644,0.6524457519109796,4.822717919930624,0.844
0.6845471059286887,0.7705132427757845,-0.9510565162951354,-0.2874253652844901,0.5040038324093379,0.2165784671248478,0.845
0.6660118674342529,0.816339250717181,-0.998026728428274,3.631575796133928,0.4843243897231599,4.115900185857088,0.846
0.6470559615694441,0.8575266561936509,-0.904827052466028,3.5875419170075125,0.5997555652970669,4.187297482304579,0.847
0.6276913612907015,0.8938414241512604,-0.6845471059287309,-0.9363673813076384,0.8369856795132309,-0.0993817017944074,0.848
0.6079302976946076,0.9250772068344562,-0.368124552684714,0.0602238617583796,1.16488295184435,1.2251068136027297,0.849
0.5877852522924738,0.9510565162951506,-1.9596824708904003e-14,0.8130339787269031,1.5388417685876048,2.351875747314508,0.85
0.5672689491267585,0.971631732914674,0.3681245526846247,-1.2924981016841943,1.907025234726057,0.6145271330418627,0.851
0.5463943467342695,0.9866859442078671,0.6845471059286609,-0.7814583126861524,2.2176273968707974,1.436169084184645,0.852
0.5251746299612974,0.9961336091431716,0.9048270524660116,0.2930916394904068,2.4261352915704806,2.7192269310608874,0.853
0.5036232016357608,0.999921044203816,0.998026728428268,3.24843611570739,2.501570974267845,5.750007089975235,0.854
0.4817536741017166,0.998026728428272,0.9510565162951652,-3.9486524497959112,2.430836918825154,-1.5178155309707573,0.855
0.4595798606214875,0.9904614256966524,0.7705132427758009,0.5074168062713711,2.220554529093941,2.727971335365312,0.856
0.4371157666509339,0.9772681235681934,0.4817536741017643,0.3739944000552531,1.8961375643208915,2.270131964376145,0.857
0.4143755809932866,0.9585217890173772,0.1253332335643407,0.7886593785234003,1.4982306035750044,2.2868899820984048,0.858
0.391373666837203,0.9343289424566154,-0.2486898871648377,1.1835322929989405,1.0770127221289807,2.260545015127921,0.859
0.3681245526846801,0.9048270524660194,-0.5877852522924284,-3.4392122512761074,0.6851663528582711,-2.754045898417836,0.86
0.3446429231745173,0.8701837546695278,-0.8443279255019958,3.348227821711674,0.3704987523420493,3.718726574053723,0.861
0.3209436098072112,0.8305958991958177,-0.9822872507286856,-0.926867418946446,0.1692522582743434,-0.7576151606721027,0.862
0.2970415815770347,0.7862884321366186,-0.9822872507286988,-0.6930474106009712,0.1010427629849545,-0.5920046476160167,0.863
0.2729519355173266,0.7375131173581768,-0.8443279255020341,3.118821178947872,0.1661371273734694,3.284958306321341,0.864
0.2486898871648542,0.6845471059286952,-0.5877852522924862,-0.8653104437148065,0.3454517408010631,-0.5198587029137434,0.865
0.2242707609493821,0.6276913612907,-0.248689887164907,-3.001323344759703,0.6032722350751751,-2.398051109684528,0.866
0.1997099805144095,0.5672689491267598,0.1253332335642697,-0.3169514909171096,0.892312163205439,0.5753606722883294,0.867
0.1750230589752766,0.5036232016357685,0.4817536741017016,0.7625785855674847,1.1603999347127467,1.922978520280232,0.868
0.1502255891207591,0.4371157666509322,0.7705132427757553,2.2874951715923326,1.3578545985474468,3.64534977013978,0.869
0.1253332335643044,0.3681245526846816,0.951056516295143,5.946736501285744,1.4445143025441292,7.391250803829873,0.87
0.1003617148512165,0.2970415815770432,0.9980267284282724,1.0226289437298646,1.395430024856532,2.4180589685863967,0.871
0.0753268055279324,0.2242707609493803,0.904827052466042,2.076720818354056,1.2044246189433547,3.2811454372974107,0.872
0.0502443181797708,0.1502255891207608,0.684547105928713,0.1430314355807651,0.8850170132292448,1.02804844881001,0.873
0.0251300954433367,0.0753268055279412,0.3681245526846912,1.068400664711645,0.4685814536559692,1.5369821183676144,0.874
8.572527594031472e-16,-9.809554005910593e-16,5.1938641857852726e-14,-1.7503569903586156,5.1814939216664816e-14,-1.7503569903585638,0.875
-0.025130095443335,-0.075326805527929,-0.3681245526846475,0.4111881818489333,-0.4685814536559116,-0.0573932718069782,0.876
-0.0502443181797691,-0.1502255891207487,-0.6845471059286787,-2.489790452707015,-0.8850170132291966,-3.374807465936212,0.877
-0.0753268055279307,-0.2242707609493822,-0.9048270524659976,-1.4848302477378297,-1.2044246189433108,-2.68925486668114,0.878
-0.1003617148512148,-0.2970415815770315,-0.9980267284282696,-0.5218670067305023,-1.395430024856516,-1.9172970315870184,0.879
-0.1253332335643026,-0.3681245526846702,-0.9510565162951576,-0.9946649913874788,-1.4445143025441305,-2.439179293931609,0.88
-0.1502255891207574,-0.437115766650934,-0.7705132427758214,-1.531601326117786,-1.357854598547513,-2.889455924665299,0.881
-0.1750230589752749,-0.5036232016357579,-0.4817536741017428,-0.8938014863724718,-1.1603999347127756,-2.0542014210852475,0.882
-0.1997099805144078,-0.5672689491267497,-0.1253332335643164,0.7313515752187234,-0.892312163205474,-0.1609605879867506,0.883
-0.2242707609493804,-0.6276913612907016,0.2486898871648064,-1.9943336504657487,-0.6032722350752756,-2.5976058855410247,0.884
-0.2486898871648525,-0.6845471059286863,0.5877852522924483,-5.883212581690568,-0.3454517408010906,-6.2286643224916585,0.885
-0.2729519355173249,-0.7375131173581685,0.8443279255020089,-1.5914990168717074,-0.1661371273734846,-1.757636144245192,0.886
-0.2970415815770331,-0.7862884321366198,0.9822872507286794,-1.8976191771972803,-0.1010427629849736,-1.998661940182254,0.887
-0.3209436098072096,-0.8305958991958109,0.9822872507286944,0.3247017310458274,-0.1692522582743262,0.1554494727715012,0.888
-0.3446429231745157,-0.8701837546695218,0.844327925502021,-0.3697358507109344,-0.3704987523420165,-0.740234603052951,0.889
-0.3681245526846785,-0.9048270524660202,0.5877852522925124,2.7856745512116654,-0.6851663528581864,2.100508198353479,0.89
-0.3913736668372015,-0.9343289424566108,0.2486898871648833,5.301744716588763,-1.0770127221289292,4.224731994459834,0.891
-0.414375580993285,-0.9585217890173736,-0.125333233564294,-0.75648461414963,-1.4982306035749529,-2.254715217724583,0.892
-0.4371157666509324,-0.9772681235681938,-0.4817536741016732,-1.2155234351419528,-1.8961375643208,-3.111660999462752,0.893
-0.4595798606214859,-0.9904614256966509,-0.7705132427757709,4.064293231529639,-2.220554529093908,1.843738702435732,0.894
-0.4817536741017151,-0.9980267284282712,-0.9510565162951506,-1.940846604898906,-2.430836918825137,-4.371683523724043,0.895
-0.5036232016357594,-0.999921044203816,-0.9980267284282746,-2.609378093513221,-2.50157097426785,-5.110949067781071,0.896
-0.5251746299612959,-0.9961336091431728,-0.9048270524660316,0.3690961449962263,-2.4261352915705,-2.0570391465742737,0.897
-0.546394346734268,-0.9866859442078691,-0.6845471059286952,-0.3852354930115368,-2.2176273968708324,-2.602862889882369,0.898
-0.5672689491267571,-0.9716317329146734,-0.3681245526847213,1.02439561378759,-1.907025234726152,-0.8826296209385616,0.899
-0.5877852522924725,-0.9510565162951544,-2.7437040145993425e-14,4.30188481344865,-1.5388417685876543,2.7630430448609955,0.9
-0.6079302976946063,-0.9250772068344608,0.3681245526846702,-3.71587443319078,-1.1648829518443966,-4.880757385035176,0.901
-0.6276913612907001,-0.8938414241512628,0.6845471059286552,0.3300763729054063,-0.8369856795133077,-0.5069093066079013,0.902
-0.6470559615694428,-0.8575266561936535,0.904827052466008,-3.3406196354204627,-0.5997555652970882,-3.940375200717551,0.903
-0.6660118674342516,-0.8163392507171882,0.9980267284282712,-1.0915955520024072,-0.4843243897231686,-1.5759199417255758,0.904
-0.6845471059286875,-0.7705132427757878,0.9510565162951676,-0.5066612917016822,-0.5040038324093078,-1.01066512411099,0.905
-0.7026499697988495,-0.7203090248879085,0.7705132427758059,1.493236496610448,-0.6524457519109521,0.840790744699496,0.906
-0.720309024887906,-0.6660118674342569,0.4817536741017214,-1.612215365221252,-0.9045672182204414,-2.5167825834416933,0.907
-0.7375131173581745,-0.6079302976946035,0.1253332335643485,2.0731530216446,-1.2201101814884294,0.8530428401561705,0.908
-0.7542513807361033,-0.546394346734271,-0.2486898871648301,-1.1474776136346432,-1.5493356146352046,-2.696813228269848,0.909
-0.77051324277579,-0.4817536741017214,-0.587785252292468,2.344969890158797,-1.84005216916998,0.5049177209888178,0.91
-0.7862884321366187,-0.4143755809932818,-0.8443279255019915,0.382516184762213,-2.044991938631892,-1.6624757538696788,0.911
-0.8015669848708775,-0.344642923174519,-0.982287250728684,-0.8651874103278641,-2.1284971587740804,-2.993684569101944,0.912
-0.816339250717184,-0.2729519355173317,-0.9822872507286896,1.8238298654075744,-2.0715784369632058,-0.2477485715556311,0.913
-0.8305958991958118,-0.1997099805144043,-0.8443279255020383,-4.288572276327732,-1.8746338052122544,-6.163206081539986,0.914
-0.8443279255020154,-0.1253332335643062,-0.5877852522924927,-1.124662757384597,-1.5574464113588142,-2.682109168743412,0.915
-0.8575266561936518,-0.0502443181797762,-0.2486898871648595,-1.5793639970827391,-1.1564608615382876,-2.7358248586210268,0.916
-0.8701837546695261,0.0251300954433403,0.125333233564262,-0.514342193251745,-0.7197204256619238,-1.234062618913669,0.917
-0.882291226434953,0.100361714851213,0.4817536741016947,-3.664245923083256,-0.3001758374820452,-3.9644217605653007,0.918
-0.8938414241512644,0.1750230589752696,0.7705132427757865,1.1962363663875584,0.0516948775997916,1.24793124398735,0.919
-0.9048270524660196,0.2486898871648576,0.9510565162951408,-3.363481265594769,0.2949193509939788,-3.0685619146007905,0.92
-0.9152411726209184,0.3209436098072079,0.998026728428273,-0.6674588334866381,0.4037291656145626,-0.2637296678720755,0.921
-0.9250772068344582,0.3913736668371965,0.904827052466021,-3.730541185281031,0.3711235124687594,-3.359417672812272,0.922
-0.9343289424566116,0.4595798606214906,0.6845471059287188,-0.2289934205204358,0.2097980240935978,-0.0191953964268379,0.923
-0.9429905358928646,0.5251746299612944,0.3681245526846985,1.157949849895591,-0.0496913532468717,1.1082584966487192,0.924
-0.9510565162951532,0.587785252292468,2.9354384341341176e-15,-3.877083444153632,-0.3632712640026823,-4.240354708156314,0.925
-0.9585217890173762,0.6470559615694468,-0.3681245526846402,-1.5311127594863665,-0.6795903801325696,-2.210703139618936,0.926
-0.9653816388332738,0.7026499697988482,-0.6845471059286731,3.101252198094478,-0.9472787749630986,2.1539734231313794,0.927
-0.9716317329146744,0.7542513807360998,-0.9048270524660186,-1.8345151736958745,-1.1222074046445931,-2.956722578340468,0.928
-0.9772681235681936,0.8015669848708786,-0.998026728428269,2.918444895849568,-1.1737278671255835,1.7447170287239842,0.929
-0.982287250728689,0.8443279255020144,-0.95105651629516,-3.79763520923026,-1.0890158415218347,-4.886651050752095,0.93
-0.986685944207868,0.8822912264349505,-0.7705132427757903,-2.297130691715049,-0.8749079605487079,-3.172038652263757,0.931
-0.9904614256966512,0.915241172620919,-0.4817536741017497,-1.1765830101413666,-0.5569739271774818,-1.7335569373188484,0.932
-0.9936113105200084,0.942990535892864,-0.1253332335643242,-0.4924320377900105,-0.1759540081914686,-0.6683860459814792,0.933
-0.9961336091431724,0.9653816388332724,0.2486898871648538,2.2013731081732604,0.2179379168549538,2.419311025028214,0.934
-0.9980267284282716,0.9822872507286894,0.5877852522924419,3.6000840091965944,0.5720457745928597,4.172129783789454,0.935
-0.9992894726405892,0.9936113105200084,0.8443279255020046,-0.4750155509473185,0.8386497633814237,0.3636342124341052,0.936
-0.999921044203816,0.9992894726405896,0.9822872507286886,-0.1420359877258742,0.981655679165462,0.8396196914395878,0.937
-0.999921044203816,0.9992894726405892,0.9822872507286958,-5.220037140363414,0.9816556791654688,-4.238381461197945,0.938
-0.9992894726405892,0.9936113105200084,0.8443279255020252,2.510398704204213,0.8386497633814445,3.349048467585658,0.939
-0.9980267284282716,0.9822872507286872,0.5877852522924728,0.4541688350533801,0.5720457745928883,1.0262146096462683,0.94
-0.9961336091431724,0.9653816388332728,0.2486898871648909,0.3410952220752833,0.2179379168549912,0.5590331389302746,0.941
-0.9936113105200084,0.9429905358928647,-0.1253332335642862,0.5096810097809796,-0.1759540081914298,0.3337270015895498,0.942
-0.9904614256966512,0.915241172620914,-0.4817536741017162,-3.793769538814309,-0.5569739271774534,-4.350743465991762,0.943
-0.9866859442078678,0.8822912264349514,-0.7705132427757659,3.882944565384713,-0.8749079605486824,3.0080366048360303,0.944
-0.9822872507286888,0.8443279255020154,-0.9510565162951482,1.3096411213568473,-1.0890158415218214,0.2206252798350259,0.945
-0.977268123568193,0.8015669848708713,-0.9980267284282714,0.3911239571383068,-1.173727867125593,-0.7826039099872864,0.946
-0.971631732914674,0.7542513807361011,-0.9048270524660348,3.0055245665611614,-1.1222074046446076,1.8833171619165536,0.947
-0.9653816388332732,0.7026499697988495,-0.6845471059287009,-1.051529907381754,-0.9472787749631248,-1.9988086823448787,0.948
-0.9585217890173756,0.6470559615694375,-0.3681245526846757,-1.015903447725306,-0.679590380132614,-1.69549382785792,0.949
-0.951056516295154,0.5877852522924696,-3.527725558308283e-14,0.263422570776665,-0.3632712640027195,-0.0998486932260545,0.95
-0.942990535892864,0.525174629961296,0.368124552684663,0.79304029334043,-0.049691353246905,0.7433489400935249,0.951
-0.9343289424566122,0.4595798606214797,0.684547105928691,4.073628487809296,0.2097980240935584,4.283426511902855,0.952
-0.9250772068344576,0.3913736668371983,0.9048270524660048,2.031684402583394,0.3711235124687456,2.4028079150521395,0.953
-0.9152411726209176,0.3209436098072097,0.9980267284282706,1.2592031264899752,0.4037291656145626,1.662932292104538,0.954
-0.9048270524660188,0.2486898871648458,0.9510565162951524,-1.914772429966348,0.2949193509939795,-1.6198530789723686,0.955
-0.8938414241512637,0.1750230589752715,0.7705132427758109,-1.0735180992462687,0.0516948775998188,-1.02182322164645,0.956
-0.8822912264349522,0.100361714851215,0.4817536741017282,-0.3233519617994987,-0.3001758374820089,-0.6235277992815077,0.957
-0.8701837546695252,0.025130095443328,0.1253332335642998,-0.1173077243645249,-0.7197204256618972,-0.8370281500264222,0.958
-0.8575266561936526,-0.0502443181797742,-0.2486898871648225,-1.3955435348131282,-1.1564608615382497,-2.5520043963513777,0.959
-0.8443279255020163,-0.1253332335643042,-0.5877852522924157,-3.3977038521218,-1.5574464113587363,-4.955150263480537,0.96
-0.8305958991958129,-0.1997099805144024,-0.8443279255019873,2.6090549475682496,-1.874633805212203,0.7344211423560469,0.961
-0.816339250717185,-0.2729519355173162,-0.9822872507286826,-1.4227538545620328,-2.071578436963184,-3.494332291525217,0.962
-0.8015669848708786,-0.3446429231745172,-0.9822872507287018,1.04208991360769,-2.1284971587740977,-1.0864072451664075,0.963
-0.7862884321366198,-0.41437558099328,-0.8443279255020425,-0.4156012864856676,-2.0449919386319424,-2.46059322511761,0.964
-0.7705132427757911,-0.4817536741017071,-0.587785252292499,-2.713988086846025,-1.8400521691699967,-4.554040256016022,0.965
-0.7542513807361045,-0.5463943467342693,-0.2486898871649222,0.0450490246259613,-1.549335614635296,-1.5042865900093347,0.966
-0.7375131173581757,-0.6079302976946019,0.1253332335642542,1.667258165224431,-1.2201101814885231,0.4471479837359076,0.967
-0.7203090248879074,-0.6660118674342448,0.4817536741016878,4.432395521793609,-0.9045672182204644,3.527828303573145,0.968
-0.7026499697988507,-0.7203090248879072,0.7705132427757453,-0.4771079473418278,-0.6524457519110125,-1.1295536992528403,0.969
-0.6845471059286888,-0.7705132427757865,0.9510565162951382,0.6468798838303731,-0.5040038324093371,0.142876051421036,0.97
-0.666011867434253,-0.8163392507171787,0.9980267284282734,-2.5645666706793424,-0.4843243897231583,-3.048891060402501,0.971
-0.6470559615694442,-0.8575266561936525,0.9048270524660486,-1.1883074467433143,-0.5997555652970482,-1.7880630120403629,0.972
-0.6276913612907016,-0.8938414241512619,0.6845471059287245,-1.1601614422998336,-0.8369856795132391,-1.9971471218130727,0.973
-0.6079302976946077,-0.9250772068344548,0.3681245526847058,2.0538400612812406,-1.1648829518443566,0.888957109436884,0.974
-0.5877852522924739,-0.9510565162951538,6.761907273203155e-14,0.8895021721804047,-1.53884176858756,-0.6493395964071552,0.975
-0.5672689491267585,-0.971631732914673,-0.3681245526846329,-0.0901367717756288,-1.9070252347260643,-1.9971620065016933,0.976
-0.5463943467342696,-0.9866859442078668,-0.6845471059286673,-0.7574409308709568,-2.217627396870804,-2.97506832774176,0.977
-0.5251746299612975,-0.9961336091431724,-0.904827052465991,3.218888970578178,-2.426135291570461,0.792753679007717,0.978
-0.5036232016357609,-0.999921044203816,-0.9980267284282686,-5.632105101964963,-2.5015709742678456,-8.133676076232808,0.979
-0.4817536741017167,-0.998026728428272,-0.9510565162951624,0.736173808685554,-2.430836918825152,-1.6946631101395973,0.98
-0.4595798606214876,-0.9904614256966512,-0.7705132427758314,-1.9539450630513595,-2.2205545290939703,-4.174499592145329,0.981
-0.437115766650934,-0.9772681235681944,-0.4817536741017565,-1.6022564085079147,-1.8961375643208849,-3.4983939728288,0.982
-0.4143755809932867,-0.9585217890173784,-0.1253332335643319,1.582455863716983,-1.498230603574997,0.0842252601419859,0.983
-0.3913736668372031,-0.9343289424566116,0.2486898871647912,2.53469481870472,-1.0770127221290235,1.457682096575696,0.984
-0.3681245526846802,-0.904827052466021,0.5877852522924355,0.2938051490333221,-0.6851663528582658,-0.3913612038249436,0.985
-0.3446429231745174,-0.8701837546695298,0.8443279255020004,3.7177801396268135,-0.3704987523420469,3.3472813872847667,0.986
-0.3209436098072113,-0.830595899195812,0.9822872507286764,-2.4486200463861887,-0.1692522582743468,-2.617872304660536,0.987
-0.2970415815770348,-0.786288432136621,0.9822872507286972,1.192997453847374,-0.1010427629849586,1.0919546908624154,0.988
-0.2729519355173267,-0.7375131173581794,0.8443279255020293,-0.7733114852151206,-0.1661371273734768,-0.9394486125885976,0.989
-0.2486898871648543,-0.6845471059286877,0.5877852522925251,-4.839764628149615,-0.3454517408010169,-5.185216368950631,0.99
-0.2242707609493822,-0.6276913612907031,0.2486898871648984,0.8419191970206015,-0.6032722350751869,0.2386469619454145,0.991
-0.1997099805144096,-0.5672689491267631,-0.1253332335642785,-4.383157267009677,-0.8923121632054511,-5.275469430215129,0.992
-0.1750230589752767,-0.5036232016357596,-0.4817536741016595,4.893936811550086,-1.160399934712696,3.73353687683739,0.993
-0.1502255891207592,-0.4371157666509357,-0.7705132427757609,1.2208858445749773,-1.3578545985474562,-0.1369687539724788,0.994
-0.1253332335643045,-0.3681245526846853,-0.9510565162951458,2.5633885720980434,-1.4445143025441356,1.1188742695539078,0.995
-0.1003617148512167,-0.2970415815770333,-0.9980267284282756,2.435823633024857,-1.3954300248565257,1.0403936081683318,0.996
-0.0753268055279325,-0.2242707609493841,-0.904827052466038,-0.8830996775715833,-1.2044246189433547,-2.087524296514938,0.997
-0.0502443181797709,-0.1502255891207647,-0.6845471059287066,-2.8379168901913303,-0.8850170132292423,-3.722933903420573,0.998
-0.0251300954433368,-0.0753268055279309,-0.3681245526847359,-3.599355492548796,-0.4685814536560037,-4.067936946204799,0.999
